Viento/D/solar_swdown_72h.asc
ncols 1189
nrows 618
xllcorner -129.71441650390625
yllcorner 4.956306457519531
cellsize 0.05
NODATA_value -999
[rows 288 to 323 of 618, columns 729 to 809 of 1189]
2.99 3.23 3.47 3.72 3.97 4.24 4.51 4.79 5.08 5.38 5.68 5.99 6.31 6.64 6.98 7.32 7.67 8.03 8.39 8.77 9.14 9.54 9.93 10.34 10.76 11.17 11.60 12.03 12.46 12.91 13.36 13.81 14.27 14.74 15.20 15.67 16.14 16.62 17.09 17.57 18.06 18.55 19.05 19.55 20.05 20.56 21.08 21.60 22.14 22.67 23.21 23.76 24.31 24.86 25.42 25.97 26.54 27.10 27.66 28.24 28.81 29.40 29.99 30.59 31.19 31.79 32.40 33.01 33.61 34.23 34.84 35.46 36.07 36.69 37.31 37.92 38.54 39.16 39.78 40.41 41.04
2.93 3.17 3.41 3.66 3.91 4.18 4.44 4.73 5.01 5.31 5.61 5.92 6.24 6.56 6.90 7.24 7.59 7.94 8.30 8.67 9.05 9.44 9.84 10.24 10.65 11.07 11.49 11.92 12.36 12.80 13.25 13.70 14.16 14.62 15.09 15.55 16.02 16.49 16.97 17.45 17.94 18.43 18.92 19.42 19.93 20.44 20.95 21.48 22.01 22.54 23.08 23.63 24.18 24.73 25.28 25.84 26.40 26.96 27.52 28.09 28.67 29.26 29.85 30.44 31.04 31.65 32.25 32.86 33.47 34.08 34.70 35.31 35.92 36.54 37.15 37.77 38.39 39.01 39.63 40.26 40.89
2.88 3.11 3.35 3.60 3.85 4.11 4.38 4.66 4.94 5.24 5.54 5.85 6.16 6.49 6.82 7.16 7.50 7.86 8.22 8.58 8.96 9.35 9.74 10.14 10.55 10.97 11.39 11.81 12.25 12.69 13.13 13.58 14.04 14.50 14.97 15.43 15.90 16.37 16.85 17.33 17.81 18.30 18.80 19.30 19.80 20.31 20.83 21.35 21.88 22.41 22.95 23.50 24.05 24.60 25.15 25.70 26.26 26.82 27.38 27.95 28.53 29.12 29.70 30.30 30.90 31.50 32.11 32.72 33.33 33.94 34.55 35.16 35.77 36.39 37.00 37.62 38.24 38.86 39.48 40.11 40.74
2.83 3.06 3.29 3.54 3.79 4.05 4.32 4.60 4.88 5.17 5.47 5.78 6.09 6.41 6.74 7.08 7.42 7.78 8.13 8.50 8.87 9.25 9.64 10.04 10.45 10.86 11.28 11.71 12.14 12.57 13.02 13.47 13.92 14.38 14.85 15.31 15.78 16.25 16.72 17.20 17.69 18.18 18.67 19.17 19.68 20.19 20.71 21.23 21.75 22.28 22.82 23.36 23.91 24.46 25.01 25.57 26.12 26.68 27.24 27.81 28.39 28.98 29.56 30.16 30.75 31.36 31.96 32.57 33.18 33.79 34.40 35.01 35.62 36.23 36.85 37.47 38.08 38.70 39.33 39.96 40.59
2.78 3.00 3.23 3.48 3.73 3.99 4.25 4.53 4.81 5.10 5.39 5.70 6.01 6.34 6.66 7.00 7.34 7.69 8.05 8.41 8.78 9.16 9.55 9.95 10.35 10.76 11.18 11.60 12.03 12.46 12.90 13.35 13.80 14.26 14.72 15.19 15.65 16.12 16.60 17.08 17.56 18.05 18.55 19.05 19.56 20.07 20.58 21.10 21.63 22.16 22.69 23.23 23.78 24.33 24.88 25.43 25.98 26.54 27.11 27.68 28.25 28.84 29.42 30.02 30.62 31.21 31.82 32.42 33.03 33.64 34.25 34.86 35.47 36.08 36.70 37.32 37.93 38.56 39.18 39.81 40.44
2.73 2.95 3.18 3.42 3.66 3.92 4.19 4.46 4.74 5.03 5.32 5.63 5.94 6.26 6.59 6.92 7.26 7.61 7.96 8.32 8.69 9.07 9.45 9.85 10.25 10.66 11.07 11.49 11.92 12.35 12.79 13.23 13.69 14.14 14.60 15.06 15.53 16.00 16.47 16.95 17.44 17.93 18.42 18.92 19.43 19.94 20.46 20.98 21.50 22.03 22.56 23.10 23.65 24.19 24.74 25.29 25.85 26.41 26.97 27.54 28.12 28.70 29.29 29.88 30.48 31.07 31.67 32.28 32.88 33.49 34.10 34.71 35.32 35.93 36.55 37.17 37.79 38.41 39.04 39.67 40.30
2.68 2.89 3.12 3.36 3.60 3.86 4.12 4.40 4.67 4.96 5.25 5.55 5.86 6.18 6.51 6.84 7.18 7.53 7.88 8.24 8.61 8.98 9.36 9.76 10.16 10.56 10.97 11.39 11.81 12.24 12.68 13.12 13.57 14.03 14.48 14.94 15.41 15.88 16.36 16.83 17.32 17.81 18.31 18.80 19.31 19.82 20.34 20.86 21.38 21.90 22.43 22.97 23.51 24.05 24.60 25.16 25.71 26.27 26.84 27.41 27.99 28.57 29.16 29.75 30.34 30.93 31.53 32.14 32.74 33.34 33.95 34.56 35.17 35.78 36.40 37.02 37.64 38.27 38.89 39.52 40.15
2.62 2.84 3.07 3.30 3.54 3.80 4.06 4.33 4.60 4.89 5.18 5.48 5.79 6.11 6.43 6.76 7.10 7.45 7.80 8.16 8.52 8.90 9.28 9.67 10.06 10.47 10.87 11.29 11.71 12.14 12.57 13.01 13.46 13.91 14.37 14.83 15.29 15.76 16.24 16.72 17.20 17.69 18.19 18.68 19.19 19.70 20.21 20.73 21.25 21.77 22.30 22.84 23.37 23.92 24.46 25.02 25.57 26.14 26.71 27.28 27.86 28.44 29.03 29.62 30.21 30.80 31.39 31.99 32.60 33.20 33.81 34.41 35.02 35.63 36.25 36.87 37.49 38.12 38.75 39.38 40.01
2.57 2.79 3.01 3.24 3.48 3.74 3.99 4.26 4.53 4.82 5.11 5.41 5.71 6.03 6.35 6.68 7.02 7.37 7.72 8.07 8.44 8.81 9.19 9.58 9.97 10.37 10.78 11.19 11.61 12.04 12.47 12.91 13.35 13.80 14.26 14.71 15.18 15.65 16.12 16.60 17.09 17.57 18.07 18.57 19.07 19.58 20.09 20.61 21.12 21.64 22.17 22.70 23.24 23.78 24.33 24.88 25.44 26.01 26.58 27.15 27.73 28.32 28.90 29.49 30.07 30.67 31.26 31.85 32.46 33.06 33.66 34.27 34.87 35.48 36.10 36.72 37.35 37.98 38.61 39.23 39.86
2.52 2.74 2.96 3.19 3.42 3.67 3.92 4.19 4.46 4.75 5.04 5.33 5.64 5.95 6.27 6.60 6.94 7.28 7.63 7.99 8.35 8.72 9.10 9.49 9.88 10.28 10.68 11.09 11.51 11.93 12.36 12.80 13.24 13.69 14.14 14.60 15.07 15.53 16.01 16.49 16.98 17.46 17.96 18.45 18.95 19.46 19.97 20.48 20.99 21.51 22.04 22.57 23.10 23.64 24.19 24.74 25.30 25.87 26.45 27.02 27.60 28.18 28.77 29.35 29.94 30.53 31.12 31.72 32.32 32.92 33.52 34.12 34.73 35.34 35.96 36.58 37.21 37.84 38.47 39.09 39.72
2.47 2.68 2.90 3.13 3.36 3.61 3.86 4.13 4.39 4.68 4.97 5.26 5.56 5.88 6.19 6.52 6.86 7.20 7.55 7.90 8.26 8.63 9.01 9.40 9.79 10.18 10.59 11.00 11.41 11.83 12.26 12.70 13.14 13.58 14.03 14.49 14.96 15.42 15.90 16.38 16.86 17.35 17.84 18.33 18.83 19.34 19.84 20.35 20.87 21.38 21.91 22.44 22.97 23.51 24.05 24.61 25.17 25.74 26.31 26.88 27.46 28.05 28.63 29.22 29.80 30.39 30.98 31.58 32.18 32.78 33.38 33.99 34.59 35.20 35.82 36.45 37.07 37.70 38.33 38.96 39.59
2.42 2.62 2.84 3.07 3.30 3.55 3.79 4.06 4.32 4.61 4.89 5.19 5.49 5.80 6.12 6.45 6.78 7.12 7.46 7.82 8.18 8.55 8.92 9.30 9.69 10.09 10.49 10.90 11.31 11.73 12.16 12.59 13.03 13.47 13.92 14.38 14.84 15.31 15.79 16.27 16.75 17.24 17.73 18.22 18.72 19.22 19.72 20.23 20.74 21.26 21.78 22.30 22.84 23.37 23.92 24.47 25.03 25.60 26.17 26.74 27.32 27.90 28.49 29.07 29.66 30.25 30.85 31.44 32.04 32.64 33.24 33.85 34.46 35.07 35.69 36.31 35.10 34.73 35.36 34.38 29.94
2.37 2.57 2.79 3.01 3.24 3.48 3.73 3.99 4.26 4.54 4.82 5.12 5.42 5.73 6.04 6.37 6.69 7.04 7.38 7.73 8.09 8.46 8.83 9.21 9.60 9.99 10.39 10.80 11.21 11.63 12.06 12.49 12.92 13.36 13.81 14.27 14.73 15.20 15.68 16.16 16.64 17.13 17.61 18.10 18.60 19.10 19.60 20.11 20.62 21.13 21.65 22.18 22.71 23.24 23.78 24.34 24.89 25.46 26.03 26.60 27.18 27.76 28.34 28.93 29.52 30.11 30.71 31.31 31.91 32.51 33.11 33.71 34.32 34.93 35.55 36.17 34.96 30.96 27.90 17.59 13.14
2.32 2.52 2.73 2.95 3.18 3.42 3.67 3.93 4.19 4.46 4.75 5.04 5.34 5.65 5.96 6.29 6.61 6.95 7.29 7.65 8.00 8.36 8.74 9.12 9.50 9.90 10.29 10.70 11.11 11.53 11.95 12.38 12.82 13.25 13.70 14.15 14.62 15.09 15.56 16.04 16.53 17.01 17.50 17.99 18.48 18.98 19.48 19.99 20.50 21.01 21.53 22.05 22.58 23.11 23.65 24.20 24.76 25.32 25.88 26.46 27.03 27.61 28.19 28.79 29.38 29.97 30.57 31.17 31.76 32.36 32.97 33.58 34.18 34.80 35.41 36.04 34.83 27.70 19.85 13.28 8.84
2.27 2.47 2.68 2.90 3.12 3.36 3.60 3.86 4.12 4.39 4.67 4.97 5.27 5.57 5.88 6.21 6.53 6.87 7.21 7.56 7.91 8.27 8.64 9.02 9.41 9.80 10.20 10.60 11.01 11.43 11.85 12.27 12.71 13.14 13.58 14.03 14.50 14.97 15.45 15.93 16.41 16.90 17.38 17.87 18.37 18.86 19.36 19.86 20.37 20.89 21.40 21.93 22.45 22.98 23.52 24.07 24.62 25.18 25.74 26.31 26.88 27.46 28.05 28.64 29.24 29.83 30.43 31.02 31.62 32.22 32.83 33.44 34.05 34.66 35.28 35.90 30.81 15.91 8.06 8.29 7.22
2.22 2.42 2.63 2.85 3.07 3.30 3.54 3.80 4.05 4.33 4.60 4.90 5.19 5.50 5.81 6.13 6.45 6.78 7.12 7.47 7.82 8.19 8.55 8.93 9.31 9.70 10.10 10.50 10.91 11.32 11.74 12.17 12.60 13.03 13.47 13.92 14.38 14.85 15.33 15.81 16.29 16.78 17.27 17.75 18.25 18.74 19.24 19.74 20.25 20.76 21.28 21.80 22.33 22.86 23.39 23.94 24.48 25.04 25.60 26.17 26.74 27.32 27.90 28.51 29.10 29.70 30.31 30.91 31.51 32.10 32.70 33.31 33.91 34.53 35.15 35.77 31.09 17.52 9.67 9.88 8.41
2.17 2.37 2.57 2.79 3.01 3.25 3.48 3.73 3.99 4.26 4.53 4.82 5.12 5.42 5.73 6.05 6.37 6.70 7.04 7.38 7.73 8.09 8.46 8.83 9.22 9.60 10.00 10.40 10.80 11.22 11.64 12.06 12.49 12.91 13.36 13.80 14.26 14.73 15.21 15.69 16.17 16.66 17.14 17.63 18.13 18.62 19.12 19.62 20.13 20.64 21.16 21.68 22.20 22.73 23.26 23.80 24.35 24.90 25.46 26.03 26.60 27.18 27.76 28.37 28.97 29.59 30.20 30.80 31.40 31.99 32.58 33.18 33.78 34.40 35.02 35.64 30.96 18.17 13.68 13.87 10.26
2.13 2.32 2.52 2.74 2.95 3.19 3.42 3.67 3.92 4.19 4.46 4.75 5.04 5.35 5.65 5.97 6.29 6.62 6.95 7.30 7.65 8.00 8.37 8.74 9.12 9.51 9.90 10.30 10.70 11.11 11.53 11.95 12.38 12.80 13.25 13.69 14.15 14.61 15.09 15.56 16.05 16.53 17.02 17.51 18.00 18.50 19.00 19.50 20.01 20.52 21.03 21.55 22.07 22.60 23.13 23.67 24.22 24.77 25.32 25.89 26.46 27.04 27.63 28.23 28.85 29.48 30.10 30.72 31.32 31.91 32.50 33.08 33.68 34.29 34.90 35.52 30.84 27.47 27.89 15.14 8.05
2.08 2.27 2.47 2.68 2.90 3.13 3.36 3.61 3.86 4.13 4.39 4.68 4.97 5.27 5.58 5.89 6.21 6.54 6.87 7.21 7.56 7.91 8.28 8.65 9.03 9.41 9.80 10.20 10.60 11.01 11.43 11.85 12.27 12.69 13.13 13.57 14.03 14.49 14.97 15.44 15.92 16.41 16.90 17.39 17.88 18.37 18.87 19.38 19.88 20.40 20.91 21.43 21.95 22.48 23.01 23.54 24.09 24.64 25.19 25.75 26.32 26.91 27.50 28.11 28.72 29.36 29.99 30.61 31.24 31.82 32.42 33.01 33.59 34.19 34.78 35.40 36.03 36.65 29.56 13.00 5.91
2.04 2.23 2.42 2.63 2.85 3.07 3.30 3.55 3.80 4.06 4.33 4.61 4.90 5.20 5.50 5.81 6.13 6.46 6.79 7.13 7.47 7.83 8.19 8.56 8.93 9.31 9.71 10.10 10.50 10.91 11.32 11.74 12.16 12.59 13.02 13.46 13.92 14.38 14.85 15.32 15.80 16.28 16.77 17.26 17.75 18.25 18.75 19.25 19.76 20.27 20.79 21.30 21.82 22.35 22.88 23.42 23.96 24.51 25.06 25.63 26.20 26.78 27.37 27.98 28.59 29.23 29.87 30.50 31.14 31.74 32.34 32.94 33.53 34.12 34.71 35.30 35.92 25.28 17.41 13.71 6.52
1.99 2.18 2.37 2.58 2.79 3.02 3.25 3.49 3.73 4.00 4.26 4.54 4.82 5.12 5.42 5.74 6.05 6.38 6.70 7.04 7.39 7.74 8.10 8.47 8.84 9.22 9.61 10.00 10.40 10.81 11.22 11.64 12.06 12.48 12.92 13.36 13.81 14.26 14.73 15.20 15.68 16.16 16.65 17.14 17.63 18.12 18.63 19.13 19.64 20.15 20.66 21.18 21.70 22.23 22.76 23.29 23.83 24.38 24.94 25.50 26.07 26.66 27.24 27.85 28.46 29.11 29.75 30.40 31.04 31.65 32.26 32.85 33.46 34.05 34.64 35.23 32.35 21.24 13.37 9.56 5.65
1.94 2.13 2.32 2.53 2.74 2.96 3.19 3.43 3.67 3.93 4.19 4.47 4.75 5.05 5.35 5.66 5.97 6.30 6.62 6.96 7.30 7.65 8.01 8.38 8.75 9.13 9.52 9.91 10.31 10.71 11.12 11.53 11.95 12.38 12.81 13.25 13.70 14.15 14.62 15.08 15.56 16.04 16.52 17.01 17.51 18.00 18.50 19.01 19.51 20.03 20.54 21.06 21.58 22.10 22.63 23.17 23.71 24.26 24.82 25.38 25.95 26.53 27.11 27.73 28.34 28.99 29.64 30.29 30.93 31.56 32.17 32.78 33.38 33.98 34.58 35.16 32.28 24.11 16.48 9.43 5.52
1.90 2.09 2.28 2.48 2.69 2.91 3.13 3.37 3.61 3.87 4.13 4.41 4.68 4.97 5.27 5.58 5.90 6.22 6.54 6.88 7.22 7.57 7.93 8.29 8.66 9.04 9.42 9.81 10.21 10.61 11.02 11.43 11.85 12.27 12.71 13.15 13.60 14.05 14.51 14.97 15.45 15.92 16.41 16.89 17.39 17.88 18.38 18.88 19.39 19.90 20.42 20.93 21.45 21.98 22.51 23.05 23.59 24.14 24.70 25.26 25.83 26.42 27.00 27.64 28.25 28.90 29.55 30.20 30.83 31.46 32.08 32.69 33.29 33.89 34.49 35.07 35.66 30.89 26.79 22.16 9.45
1.86 2.04 2.23 2.43 2.63 2.85 3.08 3.31 3.55 3.81 4.06 4.34 4.61 4.90 5.20 5.51 5.82 6.14 6.46 6.80 7.14 7.48 7.84 8.20 8.57 8.95 9.33 9.72 10.11 10.51 10.92 11.33 11.75 12.17 12.60 13.04 13.49 13.94 14.40 14.86 15.33 15.81 16.29 16.77 17.26 17.76 18.26 18.76 19.27 19.78 20.29 20.81 21.33 21.86 22.39 22.93 23.48 24.03 24.58 25.15 25.72 26.30 26.90 27.53 28.17 28.82 29.46 30.10 30.73 31.36 31.99 32.59 33.20 33.80 34.40 35.00 35.59 36.17 36.04 36.61 26.82
1.81 2.00 2.18 2.38 2.58 2.80 3.02 3.25 3.49 3.74 4.00 4.27 4.54 4.84 5.12 5.43 5.74 6.06 6.38 6.72 7.06 7.40 7.75 8.11 8.48 8.86 9.24 9.62 10.02 10.41 10.82 11.23 11.65 12.07 12.50 12.94 13.38 13.83 14.29 14.75 15.22 15.70 16.18 16.66 17.15 17.64 18.14 18.64 19.15 19.66 20.17 20.69 21.21 21.74 22.27 22.81 23.36 23.91 24.46 25.03 25.60 26.23 26.83 27.46 28.12 28.76 29.39 30.01 30.64 31.27 31.89 32.50 33.10 33.70 34.30 34.92 35.55 36.16 36.73 37.30 28.12
1.77 1.95 2.14 2.33 2.54 2.75 2.97 3.20 3.43 3.68 3.94 4.21 4.48 4.76 5.05 5.36 5.66 5.98 6.30 6.64 6.97 7.32 7.67 8.03 8.39 8.77 9.15 9.53 9.92 10.32 10.72 11.13 11.55 11.97 12.40 12.84 13.28 13.73 14.19 14.65 15.12 15.59 16.07 16.55 17.03 17.52 18.02 18.52 19.03 19.54 20.05 20.57 21.09 21.61 22.15 22.69 23.23 23.79 24.34 24.92 25.49 26.12 26.75 27.40 28.06 28.68 29.31 29.93 30.55 31.18 31.80 32.40 33.01 33.61 34.22 34.86 35.49 36.13 36.74 37.31 37.87
1.73 1.91 2.09 2.29 2.49 2.70 2.91 3.14 3.38 3.63 3.87 4.14 4.41 4.69 4.98 5.28 5.59 5.91 6.23 6.56 6.89 7.24 7.59 7.94 8.31 8.68 9.06 9.44 9.83 10.22 10.62 11.03 11.45 11.87 12.30 12.73 13.18 13.62 14.08 14.54 15.00 15.48 15.95 16.43 16.92 17.40 17.89 18.39 18.89 19.40 19.91 20.43 20.95 21.47 22.00 22.55 23.09 23.65 24.21 24.81 25.39 26.02 26.68 27.32 27.97 28.59 29.21 29.84 30.49 31.11 31.73 32.34 32.94 33.55 34.18 34.82 35.47 36.13 36.76 37.37 37.93
1.69 1.86 2.05 2.24 2.44 2.65 2.86 3.09 3.32 3.56 3.81 4.08 4.34 4.63 4.91 5.21 5.51 5.83 6.15 6.48 6.81 7.16 7.50 7.86 8.22 8.59 8.96 9.35 9.73 10.13 10.53 10.93 11.35 11.77 12.20 12.63 13.06 13.51 13.96 14.42 14.88 15.35 15.82 16.30 16.78 17.26 17.75 18.25 18.75 19.25 19.76 20.28 20.80 21.33 21.86 22.40 22.95 23.51 24.08 24.67 25.28 25.93 26.58 27.22 27.86 28.48 29.11 29.75 30.41 31.03 31.66 32.27 32.87 33.49 34.13 34.78 35.43 36.10 36.74 37.36 32.68
1.65 1.82 2.00 2.19 2.39 2.60 2.81 3.03 3.26 3.50 3.75 4.01 4.28 4.56 4.84 5.14 5.44 5.75 6.07 6.40 6.73 7.08 7.42 7.77 8.14 8.50 8.88 9.25 9.64 10.03 10.43 10.84 11.25 11.67 12.09 12.51 12.94 13.37 13.82 14.26 14.72 15.18 15.64 16.12 16.60 17.08 17.57 18.07 18.57 19.08 19.60 20.12 20.64 21.17 21.71 22.25 22.81 23.37 23.95 24.55 25.16 25.79 26.44 27.07 27.70 28.34 28.97 29.63 30.29 30.93 31.56 32.17 32.78 33.42 34.06 34.72 35.37 36.03 36.68 37.30 29.12
1.60 1.77 1.95 2.14 2.34 2.55 2.76 2.98 3.20 3.45 3.69 3.95 4.21 4.49 4.77 5.07 5.37 5.68 5.99 6.32 6.65 6.99 7.34 7.69 8.05 8.42 8.79 9.17 9.55 9.94 10.34 10.74 11.14 11.55 11.97 12.38 12.80 13.22 13.66 14.10 14.55 15.01 15.47 15.94 16.43 16.91 17.41 17.91 18.41 18.94 19.46 19.99 20.52 21.06 21.60 22.14 22.70 23.26 23.83 24.44 25.03 25.66 26.29 26.92 27.55 28.18 28.81 29.49 30.14 30.78 31.42 32.03 30.53 28.93 28.01 27.72 28.38 29.03 27.36 27.92 27.93
1.56 1.73 1.91 2.10 2.29 2.49 2.70 2.92 3.15 3.39 3.63 3.89 4.15 4.42 4.70 5.00 5.29 5.60 5.92 6.24 6.57 6.91 7.26 7.61 7.96 8.33 8.70 9.07 9.46 9.84 10.24 10.63 11.02 11.41 11.82 12.22 12.64 13.06 13.49 13.93 14.38 14.83 15.30 15.77 16.26 16.75 17.26 17.76 18.29 18.83 19.36 19.89 20.43 20.98 21.53 22.08 22.63 23.19 23.74 24.33 24.90 25.52 26.13 26.76 27.39 28.02 28.64 29.29 29.93 30.58 31.24 31.87 30.37 22.61 18.91 14.75 13.98 11.28 9.56 8.97 9.08
1.53 1.69 1.87 2.05 2.24 2.44 2.65 2.87 3.09 3.33 3.57 3.83 4.08 4.36 4.63 4.93 5.22 5.53 5.84 6.16 6.49 6.83 7.17 7.52 7.88 8.24 8.61 8.98 9.35 9.73 10.10 10.49 10.87 11.26 11.65 12.05 12.46 12.88 13.31 13.75 14.21 14.66 15.13 15.60 16.09 16.60 17.11 17.64 18.18 18.71 19.25 19.81 20.36 20.90 21.46 22.02 22.57 23.12 23.65 24.20 24.77 25.39 26.01 26.64 27.27 27.88 28.50 29.10 29.74 30.39 31.04 31.68 32.32 28.45 21.86 16.42 6.99 5.04 3.32 2.85 2.75
1.49 1.65 1.82 2.01 2.19 2.39 2.60 2.81 3.03 3.27 3.51 3.76 4.02 4.29 4.57 4.86 5.15 5.45 5.76 6.09 6.41 6.75 7.09 7.44 7.79 8.15 8.51 8.87 9.24 9.60 9.97 10.33 10.71 11.08 11.47 11.86 12.28 12.69 13.13 13.57 14.03 14.49 14.96 15.44 15.94 16.45 16.98 17.51 18.05 18.60 19.15 19.71 20.28 20.85 21.42 21.97 22.51 23.03 23.54 24.09 24.65 25.27 25.90 26.53 27.17 27.77 28.37 28.95 29.55 30.19 30.84 31.50 32.14 32.76 28.60 13.26 3.84 3.45 2.77 2.64 2.49
1.45 1.61 1.78 1.96 2.14 2.34 2.54 2.76 2.98 3.21 3.45 3.70 3.95 4.22 4.50 4.79 5.08 5.38 5.69 6.01 6.33 6.66 7.00 7.35 7.70 8.05 8.40 8.75 9.11 9.46 9.81 10.17 10.54 10.91 11.30 11.70 12.11 12.54 12.99 13.43 13.89 14.36 14.85 15.33 15.83 16.34 16.87 17.40 17.94 18.49 19.04 19.61 20.19 20.76 21.33 21.88 22.42 22.93 23.44 23.99 24.56 25.17 25.82 26.46 27.09 27.69 28.29 28.87 29.46 30.09 30.68 31.31 31.97 32.60 28.03 17.57 11.40 2.79 2.53 2.43 2.30
1.41 1.57 1.74 1.91 2.10 2.29 2.49 2.71 2.92 3.15 3.39 3.64 3.89 4.16 4.43 4.72 5.01 5.31 5.61 5.93 6.25 6.58 6.92 7.26 7.60 7.96 8.30 8.64 8.98 9.32 9.66 10.01 10.38 10.75 11.14 11.54 11.96 12.39 12.85 13.30 13.77 14.25 14.74 15.23 15.73 16.24 16.77 17.30 17.84 18.39 18.95 19.51 20.10 20.67 21.24 21.79 22.32 22.84 23.34 23.90 24.46 25.10 25.75 26.39 27.02 27.62 28.21 28.79 29.37 29.95 30.53 31.16 31.78 32.42 32.98 33.38 27.21 11.00 2.37 2.31 2.44
1.37 1.53 1.69 1.87 2.05 2.24 2.44 2.65 2.87 3.10 3.33 3.58 3.83 4.10 4.37 4.65 4.94 5.23 5.54 5.85 6.17 6.50 6.83 7.17 7.50 7.83 8.18 8.51 8.85 9.19 9.53 9.89 10.26 10.64 11.05 11.45 11.89 12.32 12.77 13.24 13.71 14.19 14.68 15.17 15.68 16.19 16.72 17.24 17.77 18.32 18.86 19.41 19.98 20.54 21.11 21.66 22.21 22.73 23.24 23.78 24.35 24.99 25.64 26.28 26.92 27.52 28.12 28.71 29.32 29.89 30.47 31.09 31.68 32.32 32.87 33.27 27.10 20.48 13.43 3.34 3.47
