Viento/D/solar_swdown_24h.asc
ncols 1189
nrows 618
xllcorner -129.71441650390625
yllcorner 4.956306457519531
cellsize 0.05
NODATA_value -999
[rows 576 to 611 of 618, columns 902 to 983 of 1189]
58.55 59.26 59.94 60.63 50.85 25.76 29.29 35.27 47.57 65.31 64.85 57.59 67.77 68.51 69.20 69.93 70.63 71.35 72.07 72.65 73.13 73.69 67.07 63.84 64.72 65.53 76.06 78.28 79.08 79.64 80.17 80.61 76.27 52.73 60.82 82.22 82.50 82.46 68.44 25.68 0.00 0.00 0.00 0.00 0.00 0.00 0.00 0.00 0.00 0.00 0.00 0.00 0.00 0.30 1.31 4.39 9.84 11.27 16.96 36.95 60.15 70.15 63.82 65.73 68.48 106.40 107.49 108.51 109.64 110.68 73.03 76.47 112.47 103.33 102.38 103.40 111.84 117.08 118.04 118.99 119.97 121.05
58.41 59.12 59.80 60.50 38.63 13.55 19.75 30.44 54.51 65.26 66.09 66.87 67.64 68.38 69.08 69.79 70.47 71.13 71.87 72.47 72.99 73.58 74.20 75.02 75.89 76.71 77.50 78.30 69.11 79.65 78.75 71.51 71.95 72.40 82.08 82.48 82.76 82.71 72.60 29.78 3.80 3.80 2.30 2.30 0.00 0.00 0.00 0.00 0.00 0.00 0.00 0.00 0.00 0.00 1.83 4.91 8.70 14.73 34.34 48.43 71.63 84.47 85.99 87.74 89.19 90.50 91.46 108.13 109.26 102.08 51.60 39.73 91.33 112.53 113.37 114.43 115.55 116.55 117.50 118.43 119.41 120.50
58.30 59.00 59.69 60.39 61.20 43.47 44.30 53.85 64.41 65.20 65.99 66.74 67.48 68.22 68.96 69.69 70.40 71.03 71.65 72.25 72.77 73.38 74.02 74.83 75.64 76.50 77.32 67.87 32.72 67.59 78.55 48.55 41.09 56.80 82.17 82.60 82.88 83.18 73.66 43.51 17.43 16.54 14.19 10.02 5.87 0.00 0.00 0.00 0.00 0.00 0.00 0.00 0.00 0.00 0.00 1.80 1.91 6.04 17.55 19.99 33.70 36.24 34.08 35.28 36.14 37.41 63.60 92.98 108.64 109.48 102.34 78.85 90.72 111.92 112.88 113.94 115.05 116.04 116.91 117.88 119.00 120.11
58.20 58.89 59.59 60.30 61.10 61.92 62.75 61.76 60.91 61.68 62.44 66.59 67.33 68.08 68.83 69.56 70.28 70.89 71.47 72.02 72.54 73.15 73.81 74.58 75.39 76.24 77.14 45.19 10.05 44.91 78.36 48.36 33.91 56.97 82.34 82.78 83.16 83.64 84.08 55.90 37.60 36.61 34.12 29.14 27.09 19.43 16.45 13.56 0.00 0.00 0.00 0.00 0.00 0.00 0.00 0.22 0.24 19.17 18.69 19.07 22.62 5.75 4.00 2.58 3.44 5.47 40.41 69.79 86.71 108.81 109.32 88.45 89.08 89.89 90.85 113.42 114.53 115.64 116.51 117.58 118.71 119.89
58.11 58.81 59.50 60.21 61.03 61.88 62.66 61.63 53.55 52.63 59.86 66.40 54.51 52.56 68.68 69.41 70.13 70.71 71.20 71.75 72.29 72.92 73.64 74.37 75.13 76.02 76.99 44.82 9.48 44.51 78.18 63.97 64.84 65.62 82.66 83.01 83.35 83.77 84.21 84.56 68.15 68.01 65.67 65.26 64.58 62.42 56.25 13.56 0.00 0.00 0.00 0.00 0.00 0.00 0.22 0.85 21.92 69.39 68.02 67.91 42.33 2.97 2.76 1.76 3.22 5.50 9.05 35.87 80.80 108.07 57.36 31.70 87.77 77.53 34.06 72.48 113.97 115.22 116.38 117.47 118.66 119.80
58.00 58.69 59.38 60.11 60.94 61.78 62.53 61.50 53.42 51.87 59.68 66.23 53.31 51.35 67.80 69.28 70.00 70.58 71.07 71.65 72.19 72.80 73.52 74.25 67.18 57.81 58.77 26.61 24.46 44.37 79.53 80.41 81.22 82.00 82.77 83.14 83.47 83.90 84.27 84.62 84.90 84.92 84.90 84.82 84.14 83.06 77.26 34.57 21.35 21.35 21.35 21.33 22.11 22.11 22.67 23.79 71.34 96.19 94.82 94.75 64.72 25.52 25.57 25.83 27.53 29.34 32.89 15.52 57.33 59.14 4.03 31.39 87.87 103.55 48.54 42.26 99.19 114.98 116.25 117.40 118.59 119.68
57.84 58.52 59.24 59.99 60.82 61.64 62.39 61.36 59.86 60.57 61.32 66.06 66.85 67.01 44.08 44.03 69.91 70.50 71.13 71.72 72.27 72.85 73.47 66.21 41.47 27.32 19.93 21.71 60.81 62.36 79.43 80.23 80.98 81.81 82.60 83.12 83.51 83.90 84.27 84.58 84.86 85.10 85.10 85.05 84.50 84.75 85.05 79.58 66.52 67.10 67.08 67.01 68.38 69.47 70.53 72.29 95.20 96.24 96.20 97.09 97.85 76.66 77.35 77.88 78.79 80.39 81.73 64.00 16.65 9.99 4.82 32.17 87.59 110.49 104.76 87.39 99.31 115.06 116.25 117.36 118.49 119.61
57.72 58.39 59.14 59.91 60.73 61.49 62.24 62.98 63.72 64.43 65.18 52.47 53.26 63.71 46.45 34.16 58.43 70.38 71.04 71.80 72.36 72.94 61.62 68.78 44.04 29.89 23.68 59.21 77.87 78.56 79.25 79.99 80.78 81.64 82.43 82.95 75.86 83.92 84.27 84.58 84.76 84.98 85.09 82.33 69.42 74.50 86.15 86.48 87.08 87.75 88.34 88.27 89.27 90.94 92.69 94.03 95.14 95.98 96.85 97.74 98.47 99.22 99.90 100.59 101.32 102.15 103.17 104.15 64.88 36.83 32.20 33.44 87.45 110.34 111.45 112.65 113.85 115.06 116.25 117.37 118.50 119.61
51.11 58.30 59.07 59.85 60.60 61.34 62.06 62.79 63.59 64.34 43.13 27.93 26.64 37.02 64.03 59.36 60.12 70.15 70.95 71.72 72.47 60.89 24.32 44.70 69.68 61.48 62.13 76.95 77.62 78.32 79.02 79.80 80.61 81.48 82.27 61.60 49.71 76.10 84.31 84.51 84.69 84.83 82.00 53.58 45.70 75.01 86.66 87.10 87.64 88.17 88.95 89.62 90.43 91.61 92.93 93.87 94.70 95.35 96.18 97.03 97.73 98.44 99.11 99.80 100.57 101.42 102.54 103.55 104.51 85.45 86.71 87.95 89.19 110.31 111.46 112.64 113.81 115.03 116.26 117.41 118.59 119.73
47.23 58.07 58.95 59.72 60.47 58.17 47.23 47.96 48.77 64.20 49.52 33.59 32.35 33.11 54.22 68.53 62.90 67.19 70.76 71.53 60.08 70.96 34.40 31.11 68.89 75.61 76.24 76.88 77.56 78.25 61.00 79.72 80.55 81.49 82.34 68.79 56.89 83.28 84.30 84.43 84.61 84.74 71.44 48.17 64.17 86.31 87.00 87.45 87.96 88.56 89.13 89.98 90.95 91.75 92.54 93.48 94.21 94.85 95.63 96.44 97.09 97.79 98.45 99.26 100.09 100.97 102.09 103.24 104.25 105.63 106.89 108.14 109.35 110.45 111.60 112.76 113.93 115.15 116.39 117.59 118.75 119.90
38.21 57.90 58.79 59.57 60.33 58.05 35.77 24.70 46.57 64.05 64.73 57.94 58.68 59.43 60.21 61.85 29.47 33.76 67.53 58.83 23.00 38.12 71.81 63.79 68.98 75.69 76.32 76.95 77.59 57.22 30.43 61.57 80.51 81.52 82.46 83.29 83.31 84.26 84.45 84.41 84.51 84.67 76.71 77.01 85.66 86.30 86.98 87.70 88.29 88.99 89.51 90.02 90.78 91.39 92.14 92.96 93.72 94.45 95.20 95.95 96.56 97.21 97.98 98.81 99.73 100.68 101.94 103.14 104.64 106.02 107.27 108.50 109.65 110.75 111.82 112.98 114.15 115.37 116.61 117.79 118.95 120.03
50.74 57.86 58.59 59.37 60.13 57.91 35.63 34.60 46.38 63.90 64.63 65.33 66.06 57.21 50.82 62.80 43.80 48.10 70.39 71.13 38.85 53.97 73.53 74.25 74.91 47.62 48.25 48.88 76.69 70.54 42.29 52.98 80.53 81.41 82.40 83.25 83.94 84.24 84.59 84.61 84.64 84.79 85.01 85.33 85.82 86.45 87.14 87.90 88.49 89.18 89.44 89.91 90.49 90.92 91.65 92.38 93.13 93.89 94.74 95.47 96.08 96.92 97.76 98.59 99.53 101.04 102.39 103.61 104.98 106.36 107.59 108.71 109.87 110.97 112.06 113.17 114.33 115.55 116.75 117.84 118.99 120.01
57.04 57.72 58.43 59.16 59.98 57.76 56.89 57.62 58.31 63.69 64.49 65.25 66.01 57.16 34.67 39.32 63.23 69.59 70.28 71.01 71.78 72.57 73.36 74.05 74.68 42.95 9.08 37.15 76.66 78.29 72.92 73.71 80.61 81.40 82.26 83.13 83.85 84.30 84.64 84.77 84.86 84.99 85.23 85.62 86.11 86.68 87.40 88.22 88.81 89.29 89.53 89.64 90.05 90.37 91.05 91.76 92.51 93.27 94.16 94.99 95.82 96.68 97.57 98.48 100.01 101.52 102.99 104.29 105.43 106.66 107.79 108.92 110.05 111.18 112.33 113.43 114.51 115.68 116.84 117.92 118.99 120.00
56.95 57.63 58.34 59.05 59.82 60.63 61.36 62.08 62.75 63.48 64.29 65.11 65.87 53.30 27.29 27.26 54.38 56.66 51.60 66.73 71.64 72.43 73.16 73.86 74.50 42.77 32.34 37.14 76.65 78.28 79.05 79.84 80.63 81.43 82.16 83.03 83.85 84.46 84.80 84.99 85.31 85.43 85.69 86.09 86.58 87.18 87.93 88.65 89.00 89.45 89.65 89.69 89.80 90.12 90.67 91.39 92.13 92.92 93.82 94.86 95.71 96.84 98.11 99.09 100.47 101.98 103.38 104.52 105.65 106.77 107.90 109.03 110.19 111.37 112.52 113.60 114.67 115.81 116.89 117.90 118.96 119.95
56.77 57.55 58.26 58.97 59.72 60.48 61.20 61.92 62.58 63.28 64.14 64.96 65.72 53.15 21.66 21.31 54.16 56.45 34.16 43.41 67.21 72.23 72.92 73.62 74.33 70.47 71.23 72.08 76.65 78.28 79.04 79.84 80.64 81.34 82.07 82.93 83.76 84.48 85.05 85.49 85.80 85.91 86.17 86.60 87.13 87.77 88.42 89.02 89.37 89.61 89.70 89.70 89.81 89.95 90.49 91.07 91.85 92.65 93.72 94.78 95.83 96.97 98.46 99.82 101.08 102.37 103.50 104.63 105.75 106.87 107.99 109.14 110.34 111.52 112.69 113.77 114.81 115.87 116.91 117.91 118.91 119.90
56.59 57.38 58.09 58.80 59.59 60.34 61.06 61.78 62.44 63.14 63.93 64.76 65.54 52.96 33.44 34.15 54.02 69.05 54.42 60.94 71.34 72.04 72.73 73.44 74.24 75.04 75.80 76.61 77.47 78.23 79.02 79.77 80.56 81.26 82.05 82.90 83.70 84.47 85.14 85.65 86.08 86.35 86.64 87.09 87.63 88.30 88.95 89.54 89.88 90.21 90.08 90.04 90.15 90.14 90.64 91.06 91.87 92.67 93.76 94.96 96.04 97.52 98.97 100.18 101.41 102.47 103.54 104.66 105.76 106.88 108.03 109.23 110.44 111.62 112.71 113.74 114.80 115.82 116.86 117.87 118.84 119.80
56.41 57.20 57.91 58.63 59.42 60.20 60.93 61.66 62.33 63.03 63.78 64.54 65.33 64.93 65.65 66.36 67.06 68.92 69.62 70.38 71.18 71.89 72.56 73.36 74.20 75.00 75.79 76.60 77.42 78.21 79.00 79.74 80.48 81.25 82.03 82.83 83.63 84.42 85.13 85.69 86.19 86.62 87.07 87.56 88.15 88.85 89.48 90.06 90.51 90.89 90.76 90.47 90.39 90.33 90.68 91.08 91.89 92.73 93.95 95.18 96.65 98.09 99.29 100.46 101.55 102.61 103.64 104.69 105.79 106.92 108.10 109.30 110.53 111.63 112.65 113.70 114.77 115.80 116.81 117.79 118.76 119.72
56.28 57.05 57.75 58.47 59.26 60.06 60.79 61.50 62.18 62.87 63.60 64.37 65.13 65.86 66.60 67.31 68.02 68.74 69.46 70.24 71.05 71.76 72.50 73.28 74.12 74.90 75.69 76.50 77.29 78.08 78.86 79.60 80.34 81.08 81.85 82.67 83.47 84.27 85.02 85.63 86.22 86.69 87.18 87.68 88.22 88.87 89.55 90.15 90.60 91.10 91.64 91.53 91.43 91.67 91.99 92.38 93.25 94.10 95.31 96.40 97.79 98.78 99.92 100.83 101.80 102.86 103.85 104.83 105.87 106.86 107.96 109.17 110.34 111.50 112.58 113.67 114.75 115.78 116.76 117.72 118.69 119.62
55.23 56.00 56.70 58.31 59.12 59.91 60.63 61.34 62.02 62.72 63.44 64.17 64.89 65.62 66.38 67.11 67.82 68.54 69.29 70.09 70.92 71.70 72.45 73.24 74.04 74.81 75.58 76.37 77.16 77.94 78.73 79.47 80.21 80.93 81.68 82.49 83.32 84.16 84.96 85.66 86.28 86.78 87.30 87.80 88.35 88.93 89.56 90.21 90.78 91.32 91.87 92.42 92.76 93.05 93.37 93.70 94.57 95.47 96.51 97.55 98.49 99.42 100.34 101.25 102.17 103.07 103.99 104.92 105.87 106.87 107.90 108.99 110.13 111.29 112.47 113.60 114.72 115.73 116.70 117.66 118.62 119.55
38.02 36.20 39.11 58.21 59.01 59.74 60.46 61.17 61.87 62.58 63.29 64.02 64.72 65.44 66.22 66.98 67.69 68.42 69.18 69.99 70.79 71.58 72.35 73.13 73.89 74.66 75.44 76.22 77.00 77.79 78.57 79.34 80.08 80.80 81.54 82.37 83.22 84.06 84.89 85.67 86.29 86.90 87.51 88.02 88.57 89.13 89.75 90.36 90.95 91.51 92.05 92.58 93.14 93.49 93.93 94.27 95.14 95.94 97.03 98.07 99.13 100.03 100.82 101.73 102.55 103.25 104.07 105.00 105.96 106.98 108.05 109.13 110.31 111.50 112.65 113.67 114.73 115.75 116.73 117.69 118.65 119.58
37.93 21.40 39.01 58.10 58.84 59.57 60.29 61.01 61.73 62.46 63.16 63.87 64.56 65.29 66.08 66.84 67.56 68.31 69.08 69.85 70.64 71.43 72.22 72.99 73.74 74.52 75.29 73.18 73.96 74.74 78.40 79.17 79.94 80.66 81.42 82.28 83.13 83.96 84.78 85.60 86.37 87.06 87.68 88.20 88.77 89.32 89.90 90.49 91.09 91.68 92.24 92.76 93.32 93.89 94.37 94.84 95.63 96.44 97.53 98.61 99.66 100.65 101.41 102.15 102.80 103.47 104.26 105.13 106.09 107.11 108.20 109.31 110.51 111.66 112.79 113.83 114.80 115.78 116.76 117.73 118.70 119.57
40.24 40.96 41.67 57.97 58.65 59.38 60.10 60.82 61.57 62.34 63.07 63.78 64.50 65.24 66.00 66.74 67.46 68.20 68.96 69.71 70.47 71.26 72.06 72.83 73.58 74.35 75.13 55.41 51.08 55.95 78.22 78.94 79.71 80.47 81.32 82.16 83.01 83.84 84.66 85.46 86.23 86.98 87.63 88.27 88.92 89.51 90.08 90.67 91.26 91.88 92.56 93.14 93.71 94.36 94.85 95.43 96.22 97.06 98.19 99.27 100.31 101.29 101.90 102.64 103.22 103.80 104.59 105.50 106.55 107.57 108.66 109.66 110.69 111.76 112.82 113.90 114.91 115.89 116.95 117.87 118.81 119.67
55.70 56.42 57.13 57.84 58.52 59.20 59.92 60.48 61.45 62.22 62.95 63.68 64.41 65.15 65.90 66.64 67.36 68.10 68.85 69.59 70.33 71.10 71.90 72.66 73.42 74.19 74.97 55.25 37.65 55.78 78.05 78.77 79.52 80.37 81.23 82.06 82.89 83.71 84.53 85.33 86.13 86.91 87.67 88.36 89.01 89.63 90.25 90.83 91.50 92.12 92.80 93.50 94.17 94.82 95.42 96.00 96.82 97.63 98.76 99.77 100.78 101.74 102.35 102.98 103.47 104.05 104.85 105.77 106.85 107.93 109.03 110.03 110.95 111.98 112.97 114.00 115.06 116.02 117.08 118.01 118.87 119.52
55.55 56.29 57.00 57.72 58.40 59.08 49.98 36.65 61.03 62.10 62.82 63.55 64.30 65.04 65.78 66.53 67.27 68.01 68.75 69.49 70.22 70.96 71.73 72.49 73.25 74.02 74.80 59.42 60.20 60.98 77.91 78.65 79.43 80.27 81.12 81.94 82.76 83.56 84.37 85.17 85.97 86.76 87.54 88.30 88.95 89.69 90.34 91.09 91.83 92.51 93.19 93.92 94.61 95.27 95.93 96.53 97.32 98.03 99.03 99.76 100.52 101.45 102.10 102.79 103.45 104.03 104.87 105.81 106.86 107.93 109.04 110.04 111.16 112.30 113.37 114.41 115.33 116.11 117.01 117.90 118.51 119.12
55.38 56.14 56.87 57.59 58.27 55.83 39.84 26.51 50.89 61.96 62.69 63.43 64.18 64.92 65.66 66.41 67.15 67.91 68.65 69.39 70.12 70.86 71.60 72.36 73.12 73.89 74.67 75.44 76.22 77.00 77.79 78.57 79.35 80.18 81.00 81.81 82.62 83.43 84.22 85.01 85.81 86.60 87.39 88.18 88.97 89.73 90.51 91.28 92.02 92.76 93.52 94.25 94.94 95.64 96.32 96.96 97.64 98.33 99.06 99.77 100.53 101.27 101.97 102.66 103.33 104.10 104.95 105.90 106.94 108.01 109.13 110.25 111.41 112.46 113.59 114.51 115.43 116.17 116.89 117.54 118.15 118.76
55.20 55.98 56.72 57.44 49.68 35.79 56.35 50.12 61.07 61.80 62.55 63.30 64.03 64.78 65.52 66.27 67.01 67.78 68.55 69.29 70.04 70.78 71.53 72.29 73.05 73.82 74.59 75.36 76.13 76.90 77.69 78.48 79.27 80.09 80.89 81.69 82.50 83.29 84.08 84.87 85.66 86.46 87.25 88.05 88.85 89.65 90.45 91.25 91.99 92.79 93.59 94.35 95.06 95.88 96.54 97.14 97.77 98.45 99.16 99.85 100.58 101.29 102.01 102.70 103.42 104.23 105.15 106.10 107.22 108.29 109.49 110.59 111.63 112.59 113.50 114.32 115.09 115.79 116.46 117.15 117.79 118.44
55.06 55.83 56.58 56.10 37.00 30.47 51.02 60.21 60.94 61.65 62.41 63.16 63.89 64.65 65.40 66.14 66.88 67.64 68.43 69.19 69.94 70.70 71.46 72.22 72.98 73.75 74.50 75.26 76.03 76.81 77.59 78.38 79.17 79.97 80.77 81.57 82.37 83.15 83.94 84.73 85.53 86.32 87.12 87.92 88.73 89.54 90.36 91.17 91.96 92.76 93.56 94.35 95.16 95.98 96.60 97.27 97.91 98.60 99.29 99.98 100.68 101.39 102.11 102.87 103.64 104.45 105.36 106.31 107.43 108.59 109.81 110.73 111.73 112.59 113.41 114.13 114.80 115.50 116.12 116.80 117.51 118.28
54.94 55.68 56.45 55.99 46.95 50.31 59.40 60.12 60.81 61.51 62.25 63.00 63.76 64.52 65.28 66.02 66.77 67.53 68.31 69.07 69.83 70.60 71.36 72.13 72.90 73.66 74.41 75.16 75.92 76.70 77.47 78.27 79.06 79.86 80.65 81.45 82.24 83.03 83.81 84.61 85.40 86.20 87.00 87.81 88.62 89.43 90.24 91.03 91.82 92.61 93.41 94.21 95.02 95.84 96.53 97.35 98.04 98.80 99.52 100.22 100.91 101.61 102.35 103.12 103.98 104.81 105.71 106.65 107.64 108.81 109.75 110.61 111.45 112.29 113.03 113.76 114.47 115.21 115.92 116.62 117.40 118.19
54.79 55.53 56.31 57.07 57.82 58.56 59.28 60.00 60.69 61.39 62.13 62.87 63.64 64.42 65.17 65.92 66.67 67.43 68.20 68.95 69.71 70.47 71.25 72.02 72.79 73.55 74.30 75.05 75.80 76.58 77.35 78.15 78.95 79.74 80.54 81.33 82.12 82.90 83.69 84.48 85.28 86.08 86.89 87.70 88.51 89.32 90.10 90.90 91.68 92.46 93.26 94.06 94.87 95.69 96.51 97.34 98.13 98.88 99.61 100.35 101.05 101.75 102.49 103.24 104.09 104.95 105.85 106.79 107.77 108.64 109.56 110.42 111.23 111.98 112.72 113.49 114.21 114.95 115.72 116.53 117.31 118.11
54.66 55.40 56.16 56.92 57.66 58.41 59.14 59.87 60.59 61.30 62.03 62.77 63.54 64.32 65.10 65.84 66.58 67.34 68.08 68.83 69.59 70.35 71.11 71.88 72.65 73.41 74.16 74.92 75.67 76.45 77.24 78.03 78.83 79.62 80.42 81.21 82.00 82.78 83.57 84.36 85.16 85.97 86.78 87.58 88.39 89.18 89.97 90.75 91.53 92.31 93.11 93.90 94.72 95.54 96.36 97.20 98.04 98.83 99.58 100.33 101.05 101.76 102.49 103.24 104.02 104.87 105.73 106.66 107.54 108.40 109.24 110.10 110.90 111.66 112.46 113.25 114.03 114.79 115.60 116.44 117.25 118.07
54.53 55.27 56.01 56.76 57.51 58.26 58.99 59.72 60.45 61.18 61.91 62.66 63.43 64.20 64.98 65.74 66.47 67.22 67.96 68.71 69.47 70.23 70.98 71.75 72.51 73.27 74.02 74.78 75.54 76.33 77.12 77.91 78.71 79.51 80.30 81.09 81.88 82.66 83.45 84.24 85.04 85.84 86.65 87.46 88.24 89.04 89.82 90.60 91.38 92.16 92.96 93.75 94.57 95.39 96.23 97.07 97.91 98.75 99.55 100.30 101.02 101.80 102.55 103.29 104.08 104.87 105.73 106.51 107.37 108.23 109.06 109.87 110.68 111.47 112.29 113.18 113.98 114.85 115.66 116.51 117.35 118.20
54.40 55.13 55.87 56.61 57.36 58.11 58.83 59.56 60.31 61.05 61.80 62.56 63.32 64.08 64.86 65.61 66.36 67.10 67.85 68.60 69.35 70.10 70.85 71.61 72.36 73.12 73.88 74.65 75.42 76.21 77.00 77.80 78.60 79.40 80.20 80.99 81.77 82.55 83.34 84.13 84.92 85.72 86.52 87.31 88.09 88.88 89.66 90.45 91.23 92.01 92.81 93.61 94.43 95.26 96.10 96.94 97.78 98.63 99.47 100.27 101.05 101.87 102.65 103.41 104.16 104.94 105.71 106.49 107.27 108.11 108.91 109.72 110.55 111.37 112.27 113.18 114.09 114.98 115.87 116.73 117.59 118.42
54.27 54.99 55.72 56.46 57.21 57.95 58.68 59.42 60.17 60.91 61.67 62.43 63.19 63.96 64.72 65.47 66.22 66.97 67.71 68.46 69.21 69.96 70.71 71.46 72.21 72.99 73.76 74.53 75.31 76.09 76.89 77.68 78.48 79.29 80.08 80.87 81.65 82.43 83.21 83.99 84.79 85.58 86.36 87.14 87.93 88.71 89.50 90.28 91.07 91.86 92.66 93.46 94.30 95.12 95.97 96.82 97.68 98.52 99.36 100.15 100.91 101.72 102.50 103.26 104.03 104.78 105.54 106.33 107.12 107.94 108.74 109.56 110.41 111.31 112.23 113.22 114.15 115.12 116.03 116.91 117.80 118.61
54.14 54.86 55.59 56.32 57.06 57.79 58.53 59.27 60.02 60.77 61.53 62.29 63.05 63.82 64.57 65.32 66.07 66.81 67.55 68.30 69.05 69.80 70.56 71.31 72.07 72.86 73.64 74.42 75.20 75.99 76.79 77.58 78.37 79.17 79.96 80.74 81.51 82.29 83.07 83.85 84.63 85.41 86.19 86.97 87.76 88.54 89.33 90.11 90.90 91.70 92.50 93.32 94.15 94.99 95.84 96.70 97.56 98.42 99.21 99.97 100.68 101.43 102.18 102.95 103.74 104.51 105.31 106.10 106.90 107.72 108.57 109.41 110.32 111.25 112.22 113.22 114.23 115.21 116.20 117.10 118.00 118.81
53.95 54.68 55.40 56.14 56.87 57.61 58.35 59.09 59.84 60.59 61.34 62.10 62.87 63.62 64.37 65.12 65.87 66.62 67.36 68.12 68.87 69.63 70.39 71.17 71.93 72.72 73.50 74.28 75.07 75.86 76.65 77.44 78.23 79.03 79.81 80.58 81.36 82.14 82.91 83.69 84.47 85.24 86.02 86.80 87.58 88.37 89.15 89.93 90.73 91.52 92.33 93.15 93.99 94.83 95.68 96.54 97.40 98.27 99.10 99.87 100.66 101.37 102.12 102.94 103.73 104.57 105.39 106.21 107.03 107.87 108.73 109.61 110.52 111.46 112.40 113.38 114.35 115.22 116.22 117.14 118.01 118.81
53.74 54.47 55.20 55.93 56.67 57.41 58.15 58.89 59.64 60.39 61.14 61.90 62.66 63.41 64.16 64.90 65.65 66.40 67.15 67.91 68.69 69.45 70.23 71.01 71.79 72.57 73.36 74.14 74.93 75.72 76.51 77.29 78.08 78.87 79.65 80.43 81.20 81.98 82.75 83.52 84.30 85.07 85.85 86.63 87.41 88.18 88.96 89.75 90.54 91.34 92.15 92.97 93.81 94.65 95.51 96.36 97.23 98.09 98.95 99.78 100.62 101.41 102.24 103.07 103.91 104.75 105.60 106.44 107.31 108.17 109.05 109.93 110.83 111.74 112.64 113.57 114.45 115.33 116.20 117.08 117.93 118.74
