Viento/D/solar_swdown_48h.asc
ncols 1189
nrows 618
xllcorner -129.71441650390625
yllcorner 4.956306457519531
cellsize 0.05
NODATA_value -999
[rows 108 to 143 of 618, columns 984 to 1065 of 1189]
166.50 197.24 198.15 199.10 200.05 200.74 201.40 201.92 194.90 191.18 177.15 160.25 162.35 207.34 208.27 209.23 161.25 67.35 28.20 29.25 25.46 23.40 21.42 17.93 17.58 17.20 85.74 87.70 117.93 220.18 220.98 221.77 222.66 223.52 224.33 225.14 223.14 221.86 227.42 208.41 193.31 217.74 230.55 231.34 232.09 230.54 228.48 229.25 234.02 235.98 236.83 237.71 238.56 239.43 240.29 241.10 241.92 242.84 243.83 244.75 245.65 246.53 247.40 248.28 249.18 250.07 250.89 251.75 252.62 253.47 254.33 255.15 255.98 256.75 257.51 258.27 259.04 259.79 260.54 261.32 262.11 262.90
108.94 154.58 198.05 199.04 200.00 200.68 200.55 182.63 173.48 193.14 202.27 203.07 206.49 207.39 208.30 209.18 161.31 67.61 30.88 35.53 31.70 23.44 20.64 18.87 17.58 16.42 107.31 206.30 207.09 220.05 220.86 221.68 222.58 223.46 224.27 225.07 225.85 226.62 227.41 208.40 154.37 154.19 209.77 231.30 232.09 232.39 233.18 233.94 234.70 235.98 236.78 237.62 238.45 239.31 240.18 241.01 241.85 242.73 243.63 244.55 245.46 246.32 247.19 248.05 248.92 249.74 250.56 251.40 252.26 253.18 254.06 254.92 255.75 256.56 257.34 258.13 258.91 259.68 260.46 261.25 262.04 262.83
127.39 171.59 197.75 198.95 199.92 200.61 198.33 179.47 167.66 188.34 204.35 205.37 206.54 207.42 208.32 209.17 209.96 165.74 129.63 61.24 21.28 23.92 22.01 19.27 17.99 110.80 124.98 212.07 219.23 220.07 220.89 221.73 222.62 223.46 224.28 225.07 225.85 226.64 227.46 208.45 180.19 204.60 230.53 231.31 232.09 232.89 233.68 234.46 235.23 236.02 236.82 237.64 238.44 239.30 240.11 240.95 241.80 242.66 243.54 244.41 245.31 246.13 247.00 247.84 248.64 249.41 250.23 249.22 247.75 250.76 253.72 254.63 255.48 256.31 257.13 257.93 258.73 259.52 260.31 261.12 261.91 262.70
147.16 171.31 197.47 198.67 199.82 200.59 191.20 165.60 149.03 170.87 187.05 188.38 206.59 207.47 208.32 209.14 185.78 186.55 128.04 27.60 20.77 26.75 24.84 26.62 128.26 217.00 217.72 218.43 219.26 220.11 220.94 221.78 222.63 223.45 224.27 225.09 225.85 226.64 227.47 215.60 216.35 229.78 230.55 231.32 232.11 232.91 233.71 234.49 235.27 236.07 236.86 237.64 238.43 239.23 240.05 240.90 241.74 242.59 243.45 244.32 245.17 245.99 246.80 247.61 248.39 249.15 249.59 246.39 246.58 251.46 253.33 254.28 255.17 256.02 256.86 257.69 258.52 259.34 260.15 260.96 261.76 262.55
147.24 171.28 197.36 198.54 199.67 200.48 191.11 129.54 102.42 101.65 113.33 165.57 206.61 207.48 208.33 209.18 163.44 82.04 30.81 20.17 19.86 25.16 46.15 144.43 216.27 216.91 217.68 218.43 219.29 220.19 221.00 221.83 222.63 223.41 224.27 225.13 225.86 226.64 227.49 211.19 164.54 182.72 230.57 231.35 232.15 232.95 233.76 234.55 235.33 236.12 236.89 237.63 238.38 239.17 239.97 240.80 241.61 242.45 243.30 244.16 245.00 245.81 246.62 247.42 248.20 248.96 249.72 250.48 250.97 248.57 249.36 253.96 254.85 255.70 256.55 257.40 258.25 259.11 259.93 260.75 261.55 262.35
147.02 171.06 197.11 198.37 199.50 200.31 191.03 129.46 114.93 100.03 110.54 165.59 206.62 207.49 208.37 209.22 163.49 71.92 30.99 21.02 20.71 24.07 97.46 195.74 216.27 216.91 217.67 218.44 219.30 220.20 221.01 221.78 222.55 223.34 224.25 225.11 225.87 226.63 227.49 224.16 187.98 182.25 210.49 181.64 185.76 186.56 208.38 234.58 235.36 236.14 236.88 237.58 238.31 239.09 239.88 240.65 241.46 242.30 243.12 243.97 244.80 245.61 246.45 247.26 248.06 248.84 249.60 250.35 249.46 246.94 249.79 253.78 254.57 255.42 253.53 254.29 255.15 210.36 184.70 185.52 186.33 251.97
146.57 170.67 196.75 198.07 199.32 200.21 193.56 194.45 187.08 152.59 143.69 180.07 206.63 207.52 208.40 209.26 160.20 62.17 21.24 20.73 20.21 20.71 94.31 195.43 216.21 216.97 217.71 218.46 219.30 220.16 220.91 221.65 222.43 223.23 224.15 225.04 225.82 226.61 227.43 224.10 213.42 183.67 102.72 73.88 96.72 136.43 208.40 234.60 235.38 236.12 236.84 237.53 238.21 238.99 239.77 240.53 241.29 242.10 242.91 243.75 244.58 245.43 246.28 247.11 247.93 248.73 249.50 250.19 250.50 251.43 252.79 253.60 254.39 255.18 253.28 249.79 187.34 80.28 54.31 52.42 135.95 251.68
145.86 170.60 196.61 197.92 196.75 173.13 178.28 201.98 194.61 172.11 183.84 205.72 206.62 207.51 208.39 209.28 210.09 163.36 122.44 122.85 123.46 124.14 197.81 215.55 216.27 217.02 217.77 218.45 219.18 220.02 220.76 221.47 222.26 223.12 224.02 224.84 225.64 226.47 227.32 223.99 216.43 179.24 126.56 78.78 53.71 74.60 122.29 148.48 211.49 236.05 236.76 237.43 238.11 238.88 239.70 240.43 241.18 235.44 175.45 187.41 244.41 245.26 242.18 227.28 233.38 248.60 249.39 250.14 250.89 251.78 252.65 236.09 224.01 244.25 253.18 252.86 180.68 74.85 48.87 38.67 40.79 135.07
145.60 170.34 196.44 197.75 196.59 171.46 145.47 172.51 181.81 182.33 183.29 184.19 206.60 207.50 208.40 209.30 210.14 210.87 211.68 212.51 213.28 214.01 214.79 215.66 216.38 217.07 217.75 218.44 219.16 219.88 220.59 221.31 222.16 223.01 223.84 224.66 225.48 226.31 227.17 227.55 223.58 209.12 180.84 132.06 64.94 47.37 66.80 100.83 184.79 209.35 214.58 237.35 238.02 238.84 239.66 240.38 241.09 194.00 134.01 187.25 244.25 245.11 245.91 228.78 221.15 240.99 236.98 237.75 238.55 239.40 218.18 189.76 214.10 244.16 255.80 256.62 184.45 84.29 75.76 54.25 40.55 44.55
141.43 167.62 196.08 197.52 196.42 150.54 103.79 111.39 105.47 89.90 87.85 153.92 206.55 207.49 208.39 209.38 210.23 211.09 211.93 212.75 213.53 214.34 214.99 215.66 216.37 217.04 217.73 218.40 219.10 219.76 220.51 221.25 222.10 222.94 223.74 224.53 225.34 226.16 227.03 227.90 228.80 214.60 208.07 158.27 66.00 47.23 45.89 46.31 66.56 111.45 214.51 237.29 237.98 238.84 239.70 240.41 241.07 241.73 208.96 209.82 244.15 244.54 244.94 246.44 242.90 218.17 190.58 183.65 183.94 227.47 200.47 100.72 148.12 244.07 255.71 256.53 203.72 204.74 170.67 59.56 44.61 45.45
103.08 136.01 164.48 165.91 198.68 171.58 109.57 76.18 70.27 54.70 67.01 153.90 206.53 207.48 208.50 209.49 210.41 211.26 212.08 212.89 213.56 214.38 215.07 215.64 216.30 216.97 217.65 218.33 164.61 165.27 166.03 221.18 222.02 222.84 223.67 224.45 225.24 226.06 226.93 227.77 228.67 227.64 223.30 179.60 86.59 45.35 40.25 35.90 37.02 111.42 214.48 237.28 238.00 238.87 239.76 240.41 241.08 241.73 242.46 243.32 240.89 229.53 229.93 231.43 247.25 222.96 195.37 188.88 209.49 242.24 153.94 62.56 107.30 194.72 207.78 207.58 209.42 210.44 172.24 61.13 51.67 52.51
31.31 68.30 107.70 152.56 198.52 199.59 181.10 114.29 67.39 43.59 55.43 148.99 206.56 207.63 208.66 209.62 210.51 211.33 212.13 212.90 213.58 214.19 214.86 215.51 216.18 216.86 217.54 218.23 139.05 67.01 141.95 221.09 221.89 222.70 223.58 224.43 225.20 226.00 226.81 227.64 228.51 227.49 223.96 180.64 98.11 54.59 39.90 35.15 35.77 110.26 214.40 237.33 238.09 238.96 239.85 240.48 241.09 241.83 242.59 243.35 240.89 218.18 205.19 229.33 247.04 248.03 242.47 243.30 230.16 158.31 95.01 60.55 74.37 108.29 119.87 117.68 119.70 123.50 95.31 58.11 52.59 64.52
22.72 61.59 151.10 152.40 193.12 141.77 141.43 125.17 69.12 47.77 59.61 151.09 206.71 207.78 208.70 209.52 210.39 211.19 211.98 212.69 213.38 214.02 214.66 215.34 216.02 216.71 136.08 122.92 45.53 35.37 34.51 113.10 114.39 115.20 140.92 224.03 224.92 225.97 226.76 227.58 228.43 227.41 226.15 185.16 151.68 96.09 44.62 38.55 38.47 112.95 214.89 237.39 238.14 238.91 239.78 240.47 241.08 241.85 242.85 243.59 241.72 222.99 209.02 229.43 247.14 221.62 200.32 249.80 220.22 140.40 132.78 156.48 160.27 108.92 72.02 70.33 72.34 74.36 46.03 45.79 132.50 160.56
44.25 128.28 196.22 197.21 192.97 137.25 90.00 82.45 86.82 66.15 63.01 151.23 206.85 207.92 187.14 187.86 188.61 189.39 189.23 189.92 213.13 213.82 214.51 215.19 215.89 216.57 134.00 40.97 29.10 18.94 18.08 16.28 17.60 17.67 114.63 197.83 198.98 225.96 226.75 220.59 221.43 229.23 230.10 214.38 215.26 159.68 61.94 48.68 47.41 113.54 214.93 237.43 238.18 238.93 238.86 239.15 241.04 242.08 243.08 243.78 241.91 223.72 217.85 237.38 218.64 146.66 125.37 199.07 234.70 147.05 97.29 173.30 151.85 53.67 38.59 37.67 38.48 40.98 70.03 75.96 138.60 240.53
148.43 195.20 196.08 197.07 192.82 138.56 92.88 124.47 162.05 156.54 157.71 158.82 206.94 207.75 168.13 83.05 83.81 80.97 84.49 179.71 212.94 213.68 214.40 215.12 215.79 216.41 128.74 31.47 29.87 26.33 23.27 18.26 17.06 14.27 14.67 72.42 147.59 225.87 226.75 217.01 188.59 201.20 230.04 195.92 134.94 82.45 78.98 74.33 47.92 113.12 214.92 237.40 238.10 237.23 232.85 235.14 241.01 242.06 243.07 243.77 241.91 235.01 239.63 246.72 217.56 110.18 84.91 108.15 155.87 248.90 154.76 71.39 51.86 51.08 46.57 41.26 59.02 166.08 195.01 200.82 202.47 248.98
194.20 195.07 195.96 196.94 197.93 172.96 137.50 192.78 202.44 203.64 204.81 205.93 170.42 148.16 108.54 29.52 27.34 24.52 84.11 179.54 212.78 213.55 214.31 214.94 156.77 157.39 69.72 21.66 25.54 25.97 30.56 25.18 21.83 14.05 14.00 14.19 80.93 159.21 160.10 216.96 189.80 203.27 230.02 230.82 169.61 138.21 135.82 112.08 85.68 150.88 228.19 237.30 238.00 234.36 232.70 238.18 240.99 242.02 242.91 243.65 244.36 245.09 245.98 246.87 217.63 110.24 83.36 115.07 162.78 243.80 156.18 85.56 119.75 119.05 114.54 108.94 120.57 227.63 256.57 215.37 200.55 209.12
194.10 194.97 195.84 196.81 197.79 198.88 199.70 201.22 202.46 203.70 204.86 205.68 170.17 73.86 20.80 18.11 15.92 14.22 74.11 177.92 212.69 213.50 214.11 214.60 138.57 46.44 26.41 21.90 20.65 18.56 29.85 37.15 26.57 16.89 16.32 15.92 15.42 47.21 156.99 222.53 223.41 229.17 229.98 230.78 231.57 219.98 220.79 196.68 158.74 188.49 228.03 237.15 237.89 237.74 238.45 240.11 240.93 241.80 242.63 243.38 244.13 245.06 245.98 246.73 219.66 132.25 106.18 195.09 231.49 156.61 126.04 202.65 236.84 237.64 235.07 231.87 234.40 239.40 199.53 101.59 96.72 112.33
193.98 194.85 195.72 196.69 197.67 198.79 199.91 201.17 202.42 203.54 204.65 172.08 113.47 74.96 19.66 16.22 15.83 15.75 73.91 176.42 212.64 213.38 213.94 138.91 43.21 111.55 40.81 25.77 23.42 16.11 33.25 123.16 26.48 16.80 17.07 18.99 15.83 47.36 119.92 160.17 228.26 229.12 229.95 230.77 231.56 232.35 233.14 209.03 198.01 155.89 168.87 225.11 237.75 238.47 199.24 237.54 240.88 241.71 242.48 243.24 244.04 244.96 245.80 246.50 222.78 164.51 165.35 198.37 250.35 218.06 217.25 252.86 253.71 254.50 252.78 252.45 256.25 205.84 213.86 143.11 74.57 79.12
193.86 194.73 195.60 196.57 197.55 198.68 199.83 201.13 202.38 203.45 178.26 85.37 26.76 25.50 20.08 16.01 35.77 37.54 76.96 177.47 212.50 213.22 163.04 66.63 124.62 215.19 131.66 45.78 43.50 36.98 143.68 191.08 85.24 20.53 19.62 21.54 17.56 16.05 17.39 57.59 166.68 229.06 229.92 230.78 231.57 232.36 233.14 233.89 234.64 204.66 145.33 180.20 237.63 209.65 166.33 204.64 240.84 241.62 242.39 243.17 243.95 244.81 245.65 246.34 247.09 247.95 248.78 249.57 250.30 250.97 251.73 252.64 253.49 254.28 255.20 256.21 222.52 153.94 161.96 191.44 138.58 81.64
193.74 194.61 195.49 196.46 197.44 198.58 199.73 200.95 202.19 203.14 179.01 97.52 39.45 26.76 16.26 16.43 68.29 152.03 153.14 177.26 212.29 213.03 213.88 178.20 215.11 215.82 153.91 132.41 152.37 158.31 174.63 70.84 57.90 113.59 31.71 16.44 16.56 18.14 17.63 57.68 166.51 228.89 229.88 230.79 231.63 232.44 233.16 233.91 234.66 235.36 214.26 236.82 237.58 238.40 216.98 240.01 240.79 241.63 242.43 243.22 244.03 244.79 245.60 246.39 247.22 247.97 248.80 249.57 250.30 250.97 251.70 252.50 253.34 254.09 254.98 255.96 256.89 233.48 235.77 236.72 197.80 187.86
193.62 194.49 195.37 196.34 197.33 198.45 199.58 200.74 189.41 172.32 161.03 90.79 75.23 81.15 72.83 65.28 69.01 168.92 210.76 189.22 201.67 202.41 203.27 210.90 157.40 158.10 199.61 178.10 198.07 217.49 113.91 25.11 106.85 162.54 80.65 17.61 23.81 25.39 24.88 57.69 166.42 213.70 229.83 230.79 231.64 232.42 233.15 233.92 234.67 235.37 236.07 236.81 237.57 238.37 239.20 239.98 240.74 241.59 242.43 243.28 244.09 244.84 245.67 246.54 247.37 248.12 248.75 249.48 250.21 250.90 251.68 252.45 253.20 253.95 254.81 255.78 256.70 257.59 258.51 259.46 251.25 246.51
193.50 194.38 195.26 196.23 197.22 198.31 199.42 200.49 189.08 136.48 99.30 60.13 62.07 156.81 163.31 64.89 68.68 168.75 173.87 76.17 95.57 176.31 191.51 210.79 134.09 41.09 114.07 182.21 199.40 217.20 113.65 24.88 108.55 166.66 81.34 17.53 30.77 36.87 25.53 41.26 40.41 87.69 198.36 230.66 231.57 232.37 233.09 233.87 234.68 235.41 236.14 236.88 237.62 238.40 239.19 239.96 240.71 241.55 242.40 243.27 244.11 244.94 245.78 246.68 247.52 248.16 248.78 249.37 250.07 250.92 251.70 252.41 253.14 253.86 254.72 255.65 256.57 257.47 258.38 259.30 257.88 258.75
193.39 194.25 195.13 196.10 197.09 198.18 199.21 200.26 201.21 186.18 137.65 84.60 67.38 158.95 162.49 63.34 67.17 118.19 63.38 19.69 21.89 82.00 174.92 210.48 195.19 104.66 164.15 110.85 101.91 119.71 17.66 29.59 114.67 184.50 84.64 20.83 54.90 99.17 26.91 19.35 18.10 64.74 127.55 128.55 184.74 169.52 130.64 201.84 234.60 235.35 234.98 235.38 237.33 238.34 239.13 239.93 240.69 241.53 242.30 243.13 244.00 244.83 245.72 246.57 247.22 247.80 248.42 208.05 189.95 250.87 251.68 252.41 188.23 145.44 146.29 220.82 256.43 257.32 258.23 259.11 259.95 260.81
193.27 194.13 195.00 195.97 196.94 197.96 198.96 199.90 193.61 194.58 169.70 85.57 72.83 159.19 162.37 62.47 16.14 21.93 20.65 14.37 18.54 25.18 96.80 194.32 194.90 171.29 103.51 30.18 21.15 18.39 37.84 43.22 136.35 221.83 118.27 60.62 166.38 179.63 73.69 20.54 18.57 17.67 18.74 58.38 168.29 153.07 44.42 92.62 202.96 217.34 216.53 218.14 220.40 220.94 221.86 222.85 223.65 224.75 225.51 226.34 242.09 244.71 227.90 228.59 234.69 235.23 225.32 109.87 91.77 208.99 233.59 234.35 187.97 72.70 85.96 202.78 256.32 257.18 258.04 258.90 259.74 260.59
193.15 194.01 194.86 195.83 196.79 197.71 198.70 199.59 189.36 142.70 114.77 64.32 75.36 159.94 162.15 61.76 13.37 15.16 13.88 19.93 28.74 125.15 152.12 194.46 199.11 199.71 111.88 26.52 19.71 23.05 124.45 157.44 158.23 221.96 222.81 180.61 166.14 65.29 23.33 18.22 19.37 18.02 17.69 20.17 45.75 30.52 21.39 91.33 202.30 154.66 89.32 90.44 89.47 90.37 92.79 94.08 95.03 98.04 99.49 98.27 110.65 226.02 221.17 105.40 105.51 142.01 171.50 243.22 225.12 157.33 97.35 198.55 186.03 69.44 27.29 67.22 185.65 257.10 257.93 258.77 259.59 260.43
193.02 193.87 194.72 195.68 196.62 197.55 198.31 198.95 199.96 166.81 124.01 90.04 87.29 159.71 161.65 61.22 14.01 14.66 16.95 23.60 38.83 135.25 162.22 193.93 162.40 162.99 168.44 67.11 73.86 77.20 178.60 220.45 221.21 222.00 222.85 200.23 100.01 27.40 18.63 19.41 21.84 22.38 21.95 27.39 29.64 25.40 22.58 92.92 178.10 170.07 58.73 19.11 18.14 20.07 24.19 25.78 22.72 25.70 29.30 26.92 39.30 154.67 220.93 105.16 91.56 128.07 161.96 243.64 202.08 84.43 22.28 137.31 245.26 128.57 86.41 61.68 110.88 230.00 257.91 258.71 259.52 260.33
192.89 193.74 194.59 195.52 196.45 197.29 198.02 198.27 198.98 200.55 179.40 180.70 181.93 183.03 161.84 63.75 16.49 16.99 19.02 22.14 23.11 21.49 93.54 193.85 133.36 46.10 115.94 158.31 173.92 192.26 219.54 220.43 221.16 221.93 222.00 199.14 95.42 20.76 18.53 20.13 28.50 32.34 39.35 40.43 25.46 21.66 26.19 54.88 52.13 72.26 93.81 46.38 20.18 24.38 30.70 26.81 19.64 23.76 28.04 27.52 41.91 155.16 220.74 214.22 224.81 225.60 248.31 248.92 201.82 88.40 27.36 23.67 121.93 241.51 178.46 56.78 106.79 230.07 257.95 258.71 259.51 260.31
192.75 193.60 194.45 195.38 196.24 197.05 197.40 195.72 186.64 199.94 201.43 202.76 204.08 175.07 122.75 66.42 19.14 19.65 27.57 33.57 33.58 24.27 93.37 193.71 134.33 33.01 89.35 172.55 195.39 218.52 219.42 220.25 218.61 145.63 222.34 199.49 95.59 20.58 19.26 23.34 50.74 75.80 64.17 47.89 23.86 20.05 79.96 118.13 52.89 87.13 126.42 109.37 115.76 119.08 125.28 34.97 27.80 25.05 29.32 28.80 29.15 67.21 156.95 173.07 220.32 164.45 165.17 159.49 187.43 169.18 74.10 42.68 107.95 217.31 177.38 55.66 105.59 229.03 168.65 157.59 158.39 250.05
192.62 193.47 194.31 195.16 193.66 194.03 193.72 175.82 166.74 186.65 200.98 202.43 169.40 75.68 30.68 30.08 23.01 23.55 31.48 44.64 45.14 30.69 99.79 200.33 142.98 42.94 95.18 179.04 201.57 209.59 210.14 211.01 107.41 34.27 140.33 199.98 95.17 21.36 23.02 49.69 120.51 145.57 110.36 76.15 36.76 80.75 192.60 162.45 53.14 87.38 179.27 214.59 234.55 231.04 231.52 135.75 39.17 35.34 31.59 30.30 38.96 50.23 80.21 181.86 218.26 123.90 55.07 34.07 68.16 164.11 172.35 96.45 118.08 217.34 178.09 56.34 106.27 229.64 158.38 43.37 122.78 239.34
192.49 193.33 194.15 194.73 193.05 166.91 164.92 173.28 165.97 186.18 200.81 202.06 172.74 90.07 75.03 140.32 98.64 41.34 49.27 33.42 79.69 119.92 184.10 105.23 170.58 158.09 145.38 199.04 193.43 94.98 92.13 92.18 93.54 36.28 140.48 199.98 95.59 22.26 24.13 51.02 121.91 146.98 137.77 118.15 49.70 81.07 192.49 163.61 55.64 89.91 183.59 216.54 234.82 171.28 142.37 65.67 46.55 41.38 33.78 36.16 50.12 156.59 195.50 188.21 105.49 97.06 28.22 52.97 121.93 187.46 177.77 176.03 183.93 216.57 181.78 64.97 114.75 113.61 32.49 26.39 27.76 100.07
192.35 193.15 193.97 194.55 182.66 165.28 144.75 153.11 164.19 185.98 200.62 201.86 172.40 91.59 83.75 167.00 165.98 88.00 42.20 22.63 35.17 115.94 80.71 20.30 101.23 202.24 172.18 172.79 79.69 28.17 25.31 22.10 23.45 36.77 140.97 176.55 94.41 22.12 24.62 51.51 122.42 164.45 164.75 135.42 59.84 32.02 143.22 114.12 25.21 50.55 144.24 171.56 187.77 123.68 71.87 53.63 43.24 40.58 32.99 35.37 49.90 156.37 221.60 108.78 26.07 21.89 51.48 104.64 136.25 188.73 224.95 242.97 252.79 252.80 181.55 84.43 74.02 72.88 67.91 70.69 77.01 79.16
192.18 192.96 193.75 175.53 150.75 149.54 141.31 146.76 156.69 183.46 200.31 201.56 174.57 175.91 177.17 178.33 179.62 180.32 123.40 25.75 22.10 32.17 26.31 24.21 103.59 202.24 130.43 60.40 30.18 36.66 32.76 28.80 24.49 34.67 58.31 60.23 54.16 17.67 22.90 50.81 125.30 167.75 167.68 139.47 83.34 39.91 17.64 21.33 29.84 28.41 35.69 58.70 64.75 36.60 29.24 22.56 23.32 27.64 27.50 26.54 39.13 152.96 221.43 108.82 26.21 25.99 56.47 143.96 184.59 191.31 220.32 242.68 252.67 253.41 214.79 215.39 199.30 178.61 186.96 212.06 217.50 218.53
191.98 192.76 192.45 162.13 137.35 136.14 137.96 143.62 168.92 181.18 200.20 201.42 202.53 203.82 205.08 206.24 207.27 208.02 154.12 57.54 27.03 28.41 98.17 103.05 103.39 202.02 130.22 32.40 106.62 112.24 30.64 26.35 22.64 17.86 21.97 21.08 15.74 18.82 22.95 23.22 66.88 140.46 166.90 168.97 130.65 93.91 46.74 89.71 113.97 40.32 26.42 28.02 26.46 24.30 16.94 17.10 19.38 23.71 23.52 21.27 36.67 152.90 221.38 117.25 87.27 30.11 60.35 147.53 201.22 207.13 220.09 242.47 252.74 253.51 254.18 254.47 238.19 215.34 229.43 254.53 259.37 260.44
191.76 191.82 191.42 160.19 132.50 133.86 140.02 172.70 198.00 199.06 200.12 201.16 202.27 203.49 204.70 205.88 206.91 207.79 153.96 61.43 28.72 27.08 96.85 193.48 212.79 213.76 129.01 31.19 119.41 216.27 113.98 20.50 17.82 15.62 16.18 17.12 19.31 20.34 18.63 18.91 22.69 56.08 128.47 166.68 170.87 127.64 48.82 91.61 202.20 157.80 51.16 25.77 21.48 19.66 18.27 19.63 22.31 22.56 21.78 21.35 35.92 152.39 243.87 244.65 216.63 106.61 65.06 151.86 202.97 206.84 219.80 242.26 252.60 253.41 253.70 253.67 237.88 215.32 229.41 254.39 259.08 260.16
191.55 165.02 159.04 134.16 132.88 167.65 170.90 172.64 197.94 198.95 199.91 200.89 202.00 203.18 204.35 205.53 206.61 207.56 153.73 97.01 63.57 50.03 119.79 107.12 101.71 101.63 25.68 28.59 105.87 101.43 22.94 24.56 23.62 25.51 20.13 21.36 24.86 24.97 20.45 20.72 24.29 57.47 134.64 176.44 176.27 140.24 71.39 101.51 201.99 157.59 97.67 130.77 149.15 139.30 29.63 19.99 21.73 135.31 152.20 121.53 45.63 159.10 222.40 120.62 151.57 232.91 191.36 170.03 144.56 206.46 219.42 242.07 252.61 253.50 254.05 254.24 239.87 218.22 232.31 236.32 238.97 258.51
191.33 164.80 135.25 144.36 143.08 177.85 178.36 196.59 197.82 198.77 199.71 200.68 201.70 202.85 204.02 205.20 206.29 207.27 197.11 149.05 115.61 92.12 55.14 36.26 30.84 27.16 28.43 59.17 63.38 59.84 61.44 63.52 66.69 52.86 26.63 22.81 26.16 28.76 24.13 22.18 25.59 70.39 150.13 189.84 187.98 151.95 90.58 116.90 207.51 193.11 144.79 190.30 212.13 176.72 67.05 27.22 25.69 139.25 235.02 131.23 37.30 117.73 203.32 111.69 64.00 173.50 247.56 145.07 119.60 202.88 219.23 241.96 252.50 253.44 254.09 254.50 240.38 222.64 217.60 221.40 238.79 258.34
