Viento/D/solar_swdown_48h.asc
ncols 1189
nrows 618
xllcorner -129.71441650390625
yllcorner 4.956306457519531
cellsize 0.05
NODATA_value -999
[rows 216 to 251 of 618, columns 738 to 819 of 1189]
2.26 1.23 1.29 0.67 0.44 0.29 0.23 0.23 0.24 0.25 0.26 0.28 0.30 0.33 0.36 0.46 0.70 0.77 0.70 0.69 0.64 0.73 0.82 1.01 11.31 13.20 13.72 14.23 22.82 11.98 1.41 4.33 6.41 18.18 25.28 20.82 15.22 24.69 25.97 21.20 17.97 9.45 9.87 14.06 10.37 15.97 23.70 27.20 33.48 34.85 28.82 26.04 27.11 36.46 37.95 27.34 39.22 39.86 40.49 41.13 41.77 42.38 42.87 40.75 31.29 25.99 24.24 29.02 40.72 47.31 47.77 41.38 28.82 23.41 29.22 43.55 51.43 52.30 52.90 53.50 54.10 54.72
1.56 0.54 0.60 2.00 0.49 0.35 0.29 0.23 0.24 0.25 0.27 0.28 0.30 0.32 0.34 0.39 0.64 0.72 0.66 0.65 0.59 0.69 0.85 5.74 16.11 18.01 18.53 19.05 22.72 11.88 5.28 8.20 9.34 16.25 25.36 22.59 20.94 25.88 25.89 20.02 13.35 5.53 1.46 2.14 4.58 14.04 19.70 26.37 28.85 29.42 31.49 23.37 26.96 36.32 37.81 38.43 39.07 39.71 40.34 40.98 41.62 42.23 42.72 40.57 30.68 24.14 24.47 29.24 40.83 47.30 47.81 45.60 33.27 28.10 27.56 33.21 48.02 51.79 52.39 47.72 48.32 48.93
1.10 0.56 3.25 7.89 2.44 0.41 0.33 0.25 0.25 0.26 0.27 0.29 0.31 0.32 0.33 0.35 0.38 0.47 0.58 0.59 0.60 0.70 0.83 1.27 5.23 6.89 7.15 11.86 22.60 17.38 18.04 19.64 19.46 14.40 19.06 25.22 25.90 27.37 25.84 20.56 13.95 6.04 1.80 1.60 1.88 3.01 6.76 8.25 10.66 10.89 24.10 32.86 32.01 36.18 37.66 38.29 38.92 39.56 40.20 40.83 41.47 42.08 42.55 40.40 30.31 23.67 24.38 29.18 40.71 47.19 47.82 48.39 47.56 41.05 27.45 33.10 47.92 51.14 50.86 38.10 28.79 36.18
2.27 2.22 7.61 10.53 5.08 3.88 3.79 0.36 0.36 0.30 0.29 0.31 0.32 0.36 0.37 0.38 0.40 0.40 0.50 0.55 0.60 0.71 0.83 1.27 1.64 1.72 3.16 11.74 22.48 23.15 23.68 24.21 24.74 22.32 19.46 25.62 26.93 27.38 25.85 20.61 21.17 14.86 10.62 10.50 10.73 10.81 11.18 11.52 12.09 12.31 25.53 35.66 36.28 36.89 37.52 38.14 38.78 39.41 40.05 40.69 41.33 41.94 42.41 40.22 36.58 26.50 24.30 29.15 40.62 47.07 47.71 48.33 48.87 41.50 27.90 33.55 47.92 43.43 42.74 29.74 28.77 36.06
6.65 5.28 8.46 10.44 9.90 10.23 5.04 0.53 0.46 0.39 0.34 0.33 0.34 0.37 0.43 0.46 0.47 0.46 0.45 0.52 0.63 0.74 0.84 1.09 1.28 3.01 5.76 13.56 22.36 23.03 23.56 24.09 24.62 25.16 25.52 26.26 26.81 27.37 26.55 27.11 27.68 28.25 26.68 27.26 27.69 28.28 28.78 29.37 29.97 30.57 34.92 35.53 36.14 36.75 37.38 38.00 38.63 39.27 39.90 40.54 41.18 41.79 34.61 31.23 40.08 38.46 28.54 29.41 40.60 46.95 47.59 48.11 48.40 41.03 28.70 33.89 47.42 41.07 28.61 33.47 48.08 50.23
3.73 3.53 3.85 6.20 6.28 5.83 1.08 5.81 5.81 6.10 4.70 0.65 0.54 0.57 0.63 0.71 0.76 0.83 0.85 0.86 0.95 1.78 2.06 2.23 8.50 10.28 12.97 20.77 22.39 13.60 14.73 23.98 24.51 25.05 25.59 26.14 26.70 27.25 27.81 28.37 28.94 29.50 30.08 30.65 31.23 31.81 32.40 32.99 33.59 34.19 34.79 35.39 36.00 36.62 37.24 37.86 38.50 39.13 39.76 40.40 41.04 40.18 33.56 33.74 37.92 40.67 30.97 29.89 40.77 46.69 47.46 48.09 48.50 41.13 28.51 33.60 47.15 40.80 27.46 36.64 51.22 53.75
0.59 0.62 0.62 0.62 0.62 1.19 7.19 12.01 12.44 11.30 5.18 1.12 0.90 1.13 1.18 1.27 1.38 1.49 1.60 1.71 1.73 2.54 3.67 10.26 18.95 20.73 21.24 21.75 22.27 12.73 3.77 14.99 24.39 24.94 25.48 26.03 26.58 27.13 27.69 28.25 28.81 29.38 29.95 30.52 31.10 31.69 32.27 32.87 33.46 34.06 34.66 35.27 35.88 36.49 37.11 37.73 38.36 38.99 39.62 40.26 40.90 41.42 41.23 41.41 42.70 40.62 31.52 29.61 39.86 45.78 46.75 47.95 48.59 41.63 28.77 33.87 47.51 40.29 26.82 35.37 49.58 52.07
0.38 0.39 0.44 0.45 0.44 0.44 0.47 5.19 5.24 5.60 4.90 0.85 4.80 9.14 9.48 9.59 9.73 9.85 10.48 11.07 11.33 12.13 12.68 13.18 18.83 20.61 21.12 21.64 22.16 22.68 15.41 23.75 24.28 24.82 25.36 25.91 26.46 27.01 27.57 28.13 28.69 29.26 29.83 30.40 30.98 31.56 32.15 32.74 33.33 33.93 34.53 35.14 35.75 36.36 36.98 37.60 38.22 38.85 39.49 40.12 40.77 41.41 42.02 42.20 43.16 40.87 32.43 26.74 28.97 34.90 42.39 47.62 48.39 49.09 43.48 48.57 50.41 40.43 27.25 24.47 33.90 37.66
0.21 0.22 0.27 0.31 0.31 0.30 0.33 0.36 0.39 0.45 0.61 0.96 8.12 12.46 12.92 13.25 13.41 13.93 14.71 15.00 15.48 18.50 18.99 19.49 19.99 20.50 21.01 21.53 22.05 22.57 23.10 23.63 24.17 24.70 25.25 25.79 26.34 26.89 27.45 28.01 28.57 29.13 29.70 30.28 30.86 31.44 32.02 32.61 33.21 33.80 34.41 35.01 35.62 36.23 36.85 37.47 38.09 38.72 39.36 39.99 40.63 41.27 41.92 42.56 43.16 40.87 32.57 30.18 29.71 28.38 38.94 47.38 48.19 48.89 49.52 50.13 50.53 45.13 31.96 29.18 26.22 32.49
0.21 0.22 0.25 0.26 0.28 0.29 0.31 0.33 0.35 0.41 0.47 0.51 0.56 4.45 4.68 5.02 5.49 5.95 5.77 6.01 6.46 12.64 18.88 19.38 19.88 20.39 20.90 21.42 21.93 22.46 22.98 23.51 24.05 24.59 25.13 25.67 26.22 26.77 27.32 27.88 28.44 29.01 29.58 30.15 30.73 31.31 31.90 32.49 33.08 33.68 34.28 34.89 35.50 36.11 36.73 37.34 37.97 38.59 39.23 39.86 40.50 41.14 41.78 42.43 43.07 40.79 39.72 39.93 32.33 27.56 27.70 38.33 47.81 48.54 49.39 50.09 50.65 51.22 47.25 40.76 28.03 26.81
0.21 0.22 0.23 0.24 0.26 0.29 0.31 2.52 0.35 0.37 0.39 0.43 0.48 0.53 0.71 0.87 1.33 1.45 1.35 1.72 4.50 13.08 18.77 19.27 19.77 20.27 20.78 21.30 21.82 22.34 22.87 23.40 23.93 24.47 25.00 25.55 26.09 26.64 27.20 27.76 28.32 28.88 29.45 30.03 30.60 31.19 31.77 32.36 32.95 33.55 34.15 34.76 35.37 35.98 36.60 37.22 37.84 38.46 39.10 39.73 40.37 41.01 41.65 42.29 42.93 43.57 44.22 41.22 33.11 29.25 27.80 33.34 41.97 48.41 49.26 49.96 50.58 51.20 51.83 41.53 35.13 35.40
0.20 0.23 0.25 0.26 0.28 0.30 5.56 8.98 3.14 0.39 0.41 0.44 0.47 0.52 0.59 0.72 0.85 1.02 1.23 4.72 13.28 18.17 18.66 19.15 19.65 20.16 20.67 21.18 21.70 22.23 22.75 23.28 23.81 24.35 24.89 25.43 25.97 26.52 27.07 27.63 28.19 28.76 29.33 29.90 30.48 31.06 31.65 32.24 32.83 33.43 34.03 34.63 35.25 35.86 36.47 37.09 37.71 38.34 38.97 39.60 40.23 40.87 41.51 42.15 42.79 43.43 44.07 42.44 43.09 39.23 30.19 30.74 30.62 37.29 48.35 49.83 50.45 51.07 51.70 49.04 49.69 50.20
4.13 4.17 0.26 0.27 0.29 0.34 2.06 5.49 0.43 0.51 0.49 0.52 0.54 0.58 0.64 0.73 0.84 0.99 1.20 6.63 15.17 18.05 18.55 19.04 19.54 20.04 20.55 21.07 21.58 22.10 22.63 23.16 23.69 24.23 24.77 25.31 25.85 26.40 26.95 27.51 28.07 28.64 29.21 29.78 30.36 30.94 31.53 32.12 32.71 33.31 33.91 34.51 35.12 35.73 36.35 36.96 37.58 38.21 38.84 39.46 40.10 40.73 41.37 42.01 42.65 43.29 43.93 44.53 45.13 41.40 32.47 28.21 28.20 34.47 45.34 49.33 50.22 50.95 51.59 52.22 52.86 53.48
5.07 9.13 4.54 0.29 0.33 0.38 0.42 0.48 0.60 0.78 0.73 0.61 0.62 0.65 0.70 0.76 0.85 1.03 1.23 6.63 15.09 17.94 18.43 18.93 19.42 19.93 20.43 20.95 21.46 21.98 22.51 23.04 23.57 24.11 24.64 25.19 25.73 26.28 26.84 27.39 27.95 28.52 29.09 29.66 30.24 30.82 31.41 32.00 32.59 33.18 33.78 34.38 34.99 35.60 36.22 36.83 37.46 38.08 38.71 39.33 39.97 40.60 41.23 41.87 42.51 43.15 43.79 44.39 44.93 41.14 32.38 28.34 28.43 34.70 44.98 49.04 50.10 50.85 51.48 52.11 52.74 53.36
5.54 7.62 3.31 0.43 0.39 0.44 0.51 0.57 2.58 6.05 3.85 0.83 0.86 0.89 0.95 1.01 1.03 2.01 3.06 7.37 14.97 17.82 18.31 18.81 19.30 19.81 20.31 20.82 21.34 21.86 22.38 22.91 23.44 23.98 24.52 25.06 25.61 26.17 26.72 27.28 27.84 28.40 28.97 29.54 30.12 30.70 31.29 31.88 32.47 33.06 33.66 34.26 34.87 35.47 36.09 36.71 37.33 37.95 38.58 39.20 39.83 40.46 41.09 41.73 42.37 43.01 43.65 44.25 44.85 41.11 38.50 33.19 27.16 33.44 35.43 43.87 49.97 50.72 51.37 51.99 51.76 53.02
4.43 6.50 4.34 1.46 1.42 1.36 2.11 3.18 8.03 8.61 3.95 2.45 2.48 2.53 2.59 1.13 1.12 3.85 5.59 8.69 15.38 17.70 18.19 18.69 19.18 19.69 20.19 20.70 21.22 21.74 22.26 22.79 23.32 23.86 24.39 24.94 25.49 26.04 26.60 27.16 27.72 28.29 28.86 29.43 30.00 30.58 31.17 31.76 32.35 32.94 33.53 34.13 34.74 35.35 35.96 36.58 37.20 37.82 38.44 39.07 39.69 40.32 40.96 41.59 42.23 42.87 43.51 44.16 44.80 45.44 46.09 40.78 30.33 26.46 26.32 34.75 47.23 50.34 50.99 50.92 48.70 48.68
4.45 6.47 6.63 4.99 3.69 2.23 6.96 9.16 10.28 8.40 8.35 9.08 8.14 8.16 3.66 1.03 1.19 5.62 12.28 13.22 15.26 17.59 18.07 18.57 19.06 19.56 20.07 20.58 21.09 21.62 22.14 22.67 23.20 23.73 24.27 24.81 25.36 25.92 26.47 27.04 27.60 28.17 28.74 29.31 29.89 30.47 31.05 31.63 32.22 32.81 33.41 34.01 34.61 35.22 35.83 36.45 37.07 37.69 38.31 38.93 39.56 40.19 40.82 41.46 42.10 42.74 43.38 44.03 44.67 45.31 45.94 40.64 41.15 35.27 27.41 35.69 47.02 49.75 49.88 46.70 34.99 39.06
4.76 6.79 6.95 7.23 6.46 5.00 9.73 9.80 10.79 10.34 11.65 12.38 11.44 8.16 3.68 4.61 5.18 9.61 16.04 16.51 16.99 17.47 17.96 18.45 18.94 19.44 19.95 20.46 20.97 21.50 22.02 22.55 23.08 23.61 24.15 24.69 25.23 25.79 26.34 26.90 27.47 28.04 28.61 29.18 29.76 30.34 30.92 31.51 32.10 32.69 33.28 33.88 34.49 35.09 35.71 36.32 36.94 37.56 38.17 38.80 39.42 40.05 40.69 41.32 41.96 42.61 43.25 43.90 44.54 45.17 45.81 46.45 47.09 47.11 37.00 41.41 46.62 44.10 43.92 34.30 27.10 38.77
5.08 7.45 7.69 8.00 9.09 9.66 7.20 5.24 9.73 11.57 11.99 11.95 5.85 2.41 2.62 4.75 11.98 15.46 15.93 16.40 16.88 17.36 17.84 18.33 18.82 19.32 19.83 20.34 20.86 21.38 21.90 22.43 22.96 23.49 24.03 24.56 25.11 25.66 26.21 26.77 27.33 27.90 28.48 29.05 29.63 30.22 30.80 31.38 31.97 32.56 33.16 33.76 34.36 34.97 35.58 36.19 36.81 37.42 38.04 38.65 39.28 39.91 40.55 41.19 41.83 42.48 43.12 43.76 44.40 45.04 45.68 46.32 46.95 47.60 48.25 44.96 35.60 33.06 32.83 28.72 27.34 38.93
4.91 8.03 5.56 6.07 9.22 9.63 5.95 3.14 4.73 9.38 12.24 12.67 9.57 6.13 6.41 10.19 14.90 15.36 15.82 16.29 16.77 17.24 17.73 18.22 18.71 19.21 19.71 20.22 20.74 21.26 21.79 22.32 22.85 23.38 23.91 24.45 24.99 25.54 26.08 26.64 27.20 27.77 28.34 28.92 29.50 30.08 30.67 31.26 31.85 32.44 33.03 33.63 34.23 34.84 35.45 36.06 36.67 37.28 37.89 38.51 39.14 39.77 40.41 41.05 41.69 42.34 42.98 43.62 44.26 44.90 45.54 46.18 46.82 47.47 48.05 41.15 31.64 29.11 28.91 28.85 27.47 39.06
5.31 8.57 5.46 2.91 6.79 9.56 6.10 3.28 2.94 4.22 9.26 12.57 13.00 13.27 13.72 14.34 14.79 15.25 15.71 16.18 16.66 17.13 17.62 18.10 18.59 19.09 19.59 20.10 20.62 21.14 21.67 22.20 22.73 23.27 23.80 24.33 24.87 25.41 25.96 26.51 27.07 27.64 28.21 28.79 29.37 29.95 30.54 31.13 31.72 32.31 32.91 33.51 34.11 34.71 35.32 35.92 36.53 37.14 37.75 38.37 39.00 39.63 40.27 40.91 41.55 42.20 42.84 43.48 44.12 44.76 45.40 46.04 46.69 47.25 47.76 40.86 30.43 27.69 27.52 27.47 27.45 23.90
6.33 8.49 4.34 1.64 5.73 10.01 10.14 7.32 7.24 8.95 12.04 10.65 7.37 7.81 11.16 14.23 14.69 15.14 15.61 16.08 16.55 17.02 17.50 17.99 18.48 18.98 19.48 19.99 20.50 21.02 21.55 22.08 22.61 23.14 23.68 24.22 24.76 25.30 25.85 26.40 26.96 27.52 28.09 28.67 29.25 29.83 30.41 31.00 31.59 32.18 32.78 33.37 33.97 34.57 35.18 35.78 36.39 36.99 37.61 38.23 38.85 39.48 40.12 40.76 41.41 42.05 42.69 43.33 43.97 44.61 45.25 45.90 46.54 47.10 47.61 40.75 30.34 27.88 27.83 27.78 35.89 33.13
6.13 8.40 4.25 0.72 5.63 9.91 10.31 10.71 11.11 11.04 11.46 10.07 5.33 5.44 11.05 14.13 14.58 15.04 15.50 15.97 16.44 16.91 17.39 17.88 18.37 18.87 19.36 19.87 20.38 20.90 21.42 21.96 22.49 23.03 23.56 24.10 24.64 25.19 25.74 26.29 26.85 27.41 27.98 28.55 29.13 29.71 30.29 30.87 31.46 32.05 32.64 33.23 33.83 32.59 35.04 35.64 36.25 36.85 37.47 36.47 38.71 39.34 39.98 37.45 38.09 41.90 42.54 43.18 43.82 44.46 45.10 45.75 46.40 46.96 47.46 40.63 30.26 30.39 29.42 35.85 44.31 48.31
5.70 8.32 4.17 0.65 5.54 9.82 10.21 10.61 11.01 10.84 9.21 7.72 8.39 10.01 10.94 14.02 14.47 14.93 15.39 15.86 16.33 16.80 17.28 17.77 18.25 18.75 19.25 19.75 20.26 20.78 21.30 21.83 22.36 22.90 23.44 23.98 24.52 25.07 25.62 26.18 26.74 27.30 27.87 28.44 29.01 29.58 30.16 30.74 31.32 31.90 32.49 33.08 30.56 17.59 29.11 35.49 36.10 36.71 31.42 21.68 35.70 39.20 31.95 22.49 31.96 41.74 42.39 43.03 43.67 44.31 44.95 45.60 46.26 46.81 47.47 41.49 42.14 39.15 16.62 32.03 48.32 49.84
5.61 8.23 4.21 0.69 5.59 9.73 10.12 9.43 10.91 10.75 9.11 9.93 12.41 13.02 13.46 13.91 14.36 14.82 15.28 15.74 16.21 16.69 17.17 17.65 18.14 18.63 19.13 19.63 20.14 20.66 21.17 21.70 22.23 22.77 23.31 23.86 24.40 24.95 25.51 26.06 26.62 27.18 27.75 28.31 28.88 29.46 30.03 30.60 31.18 31.76 26.33 26.91 28.91 15.94 27.46 27.72 27.46 27.49 14.71 11.55 25.57 33.37 23.25 17.24 31.42 36.27 34.19 37.92 39.32 39.96 40.84 45.45 46.10 46.76 47.42 48.07 48.72 43.43 20.90 24.92 48.76 51.99
5.61 8.14 4.25 0.87 5.58 9.63 6.97 5.14 9.38 10.65 10.93 12.06 12.48 12.92 13.35 13.80 14.25 14.70 15.16 15.63 16.10 16.57 17.05 17.53 18.02 18.51 19.01 19.51 20.02 20.54 21.05 21.58 22.11 22.65 23.19 23.73 24.28 24.83 25.38 25.94 26.50 27.06 27.62 28.19 28.75 29.32 29.89 30.46 31.04 31.61 22.88 13.38 24.16 30.62 25.43 9.60 8.92 8.44 5.00 7.13 16.57 22.44 18.60 16.22 31.12 36.12 20.39 19.88 28.35 31.50 40.68 45.29 45.96 46.62 47.28 47.93 48.59 49.24 46.11 42.55 48.63 51.86
5.56 8.06 7.35 4.04 8.68 7.76 4.31 5.78 7.96 11.13 11.54 11.95 12.38 12.81 13.25 13.69 14.14 14.59 15.05 15.51 15.98 16.46 16.93 17.41 17.90 18.39 18.89 19.40 19.90 20.42 20.94 21.46 21.99 22.53 23.07 23.61 24.15 24.71 25.26 25.81 26.37 26.93 27.49 28.05 28.62 29.18 29.75 30.32 30.89 25.37 13.77 16.14 28.94 23.42 19.44 3.61 2.93 4.67 16.43 17.04 20.39 26.26 22.43 23.06 30.97 35.96 22.57 15.10 13.62 22.42 28.98 29.31 37.47 46.47 41.67 46.90 48.45 49.11 49.77 50.42 51.08 51.74
5.22 7.98 8.34 8.61 7.45 6.12 8.17 9.88 10.28 11.03 11.44 11.86 12.28 12.71 13.14 13.58 14.03 14.48 14.94 15.40 15.87 16.34 16.81 17.30 17.78 18.28 18.77 19.28 19.79 20.30 20.82 21.35 21.87 22.41 22.94 23.49 24.03 24.58 25.13 25.68 26.24 26.80 27.36 27.92 28.48 29.05 29.61 30.18 23.55 12.12 16.78 29.37 21.20 5.75 4.23 3.22 4.04 6.13 22.57 35.80 36.42 37.31 37.94 38.57 39.20 39.65 40.29 32.82 12.97 5.74 5.69 15.47 37.32 39.67 27.47 32.70 46.23 48.98 49.64 50.29 50.95 51.62
5.05 7.89 8.25 8.50 7.44 8.05 9.75 10.13 10.53 10.93 11.34 11.76 12.18 10.42 7.86 8.30 7.94 8.37 9.28 9.75 14.11 16.23 16.70 17.18 17.67 18.16 18.66 19.17 19.67 20.19 20.71 21.23 21.76 22.29 22.82 23.36 23.90 24.45 25.00 25.55 26.10 26.66 27.22 27.78 28.34 28.91 29.47 20.64 26.33 22.82 20.61 30.34 23.42 8.74 7.22 18.97 19.89 21.96 36.60 37.21 37.83 38.46 34.32 25.78 40.35 40.98 41.61 34.15 14.36 13.62 24.84 36.54 45.51 46.17 39.04 35.56 44.93 48.84 49.50 50.16 50.81 51.49
4.97 7.81 8.17 8.53 8.90 9.27 9.66 10.04 10.44 10.84 11.25 11.66 12.08 10.32 5.58 2.53 1.56 2.13 3.64 8.00 14.00 16.11 16.59 17.07 17.56 18.05 18.55 19.05 19.56 20.08 20.59 21.12 21.64 22.17 22.70 23.23 23.77 24.32 24.86 25.42 25.97 26.53 27.09 27.65 28.21 28.77 18.73 5.70 13.17 27.26 31.14 31.83 23.29 13.15 22.23 34.30 35.22 35.83 36.45 37.06 37.69 37.92 19.88 11.35 30.64 40.83 41.46 34.04 14.31 16.89 37.92 44.70 45.36 46.02 46.68 47.35 48.03 48.70 49.36 50.02 50.67 51.35
4.88 7.73 8.09 8.44 8.81 9.18 9.57 9.95 10.35 10.75 8.57 7.71 11.98 10.22 4.74 1.36 1.15 1.98 8.43 11.33 13.89 16.01 16.48 16.96 17.45 17.94 18.44 18.94 19.45 19.96 20.47 21.00 21.52 22.04 22.57 23.10 23.64 24.18 24.73 25.28 25.83 26.39 26.95 27.51 28.07 16.93 3.97 3.24 11.55 24.49 28.58 31.69 24.94 25.53 26.13 34.17 35.09 35.70 36.32 36.93 37.56 38.18 38.80 31.56 40.06 40.68 41.32 33.90 28.83 38.97 43.91 44.56 45.21 45.87 46.54 47.20 47.88 48.55 49.21 49.86 50.52 51.19
4.62 7.65 6.38 6.82 7.62 8.36 9.47 9.86 10.25 9.45 5.59 4.30 8.99 9.75 4.02 3.80 3.76 7.73 14.50 14.96 15.43 15.90 16.38 16.86 17.34 17.83 18.33 18.83 19.33 19.84 20.36 20.87 21.39 21.92 22.44 22.98 23.51 24.05 24.59 25.14 25.70 26.26 21.49 22.05 15.25 2.85 2.80 2.87 11.38 23.78 29.50 31.99 32.58 33.17 33.76 34.36 34.97 35.57 36.19 36.81 37.43 38.05 38.67 39.29 39.92 40.54 41.17 41.81 42.46 43.11 43.76 44.41 45.07 45.72 46.39 47.06 47.59 48.04 48.90 49.71 50.13 51.03
4.29 7.57 4.00 2.45 4.07 5.36 8.41 9.77 10.16 9.36 4.61 3.08 3.49 3.54 3.56 4.32 10.81 13.95 14.40 14.86 15.33 15.80 16.27 16.75 17.24 17.73 18.22 18.72 19.22 19.73 20.23 20.75 21.27 21.79 22.32 22.85 23.38 23.92 24.46 25.01 25.56 26.12 20.52 8.23 2.69 2.57 2.65 3.31 12.36 26.40 31.28 31.86 32.45 33.05 33.65 34.24 34.85 35.46 36.07 36.68 37.30 37.92 38.54 39.16 39.78 40.41 41.04 41.67 42.32 42.97 43.62 44.27 44.92 45.58 46.24 46.70 46.50 47.23 48.75 49.26 49.17 50.42
3.96 5.05 3.86 0.54 1.23 3.05 6.10 6.63 7.02 7.08 4.11 0.95 1.50 4.79 4.87 8.28 13.40 13.85 14.30 14.76 15.22 15.70 16.17 16.65 17.13 17.62 18.11 18.60 19.10 19.61 20.11 20.63 21.14 21.66 22.19 22.72 23.25 23.79 21.19 18.70 19.26 19.50 12.77 3.21 10.10 11.38 11.69 12.35 13.31 27.35 31.16 31.74 32.34 32.93 33.53 34.12 34.73 35.33 35.94 36.55 37.17 37.78 38.40 39.02 39.64 40.27 40.90 41.53 42.17 42.82 43.47 44.12 44.78 45.44 46.04 39.58 39.39 40.48 46.17 41.63 41.54 42.78
0.98 0.97 0.98 0.37 0.43 1.18 1.38 1.52 1.52 1.56 1.69 1.89 7.56 10.95 11.37 12.87 13.31 13.75 14.20 14.66 15.12 15.59 16.07 16.54 17.02 17.51 17.99 18.49 18.98 19.49 19.99 20.51 21.02 21.54 22.06 22.59 23.12 23.66 21.05 12.30 8.49 6.86 3.99 4.50 11.39 23.51 26.32 26.90 27.49 28.07 31.03 31.62 32.22 32.81 33.40 34.00 34.60 35.20 35.81 36.41 37.03 37.64 38.26 38.88 39.51 40.13 40.76 41.39 42.03 42.67 43.32 43.97 44.63 45.21 45.69 39.10 29.16 34.45 44.63 38.61 29.62 38.41
0.23 0.24 0.26 0.27 0.33 0.39 0.48 0.60 0.78 2.23 5.51 7.59 11.51 11.92 12.35 12.77 13.21 13.65 14.10 14.56 15.02 15.49 15.96 16.44 16.91 17.40 17.88 18.37 18.87 19.37 19.88 20.39 20.90 21.42 21.94 22.46 22.99 23.53 20.93 15.15 15.70 15.18 14.60 15.13 22.02 28.00 28.58 29.16 29.74 30.33 30.91 31.50 32.08 32.67 33.27 33.86 34.46 35.06 35.67 36.27 36.89 37.50 38.12 38.74 39.36 39.99 40.62 41.25 41.89 42.53 43.17 43.83 44.48 45.13 45.67 46.22 38.74 28.58 35.40 29.38 28.06 28.64
