Viento/D/solar_swdown_72h.asc
ncols 1189
nrows 618
xllcorner -129.71441650390625
yllcorner 4.956306457519531
cellsize 0.05
NODATA_value -999
[rows 108 to 143 of 618, columns 891 to 971 of 1189]
30.00 43.62 53.43 55.91 64.92 73.71 69.33 66.20 50.42 41.75 29.26 20.47 17.84 16.15 15.59 16.28 16.78 18.29 18.57 17.06 16.82 16.83 17.47 18.99 16.99 16.50 12.54 4.60 2.70 1.93 4.35 6.22 15.60 22.99 21.45 10.78 9.13 8.64 8.65 8.49 9.02 10.69 39.06 63.34 62.88 62.50 62.73 62.50 62.61 62.28 62.19 62.00 61.72 61.63 61.62 61.86 62.54 63.70 65.15 68.21 72.42 77.80 82.61 86.88 91.54 93.43 93.30 92.09 89.74 90.94 91.90 98.43 105.71 126.00 139.87 162.65 180.57 183.97 185.44 186.20 186.98
32.68 46.30 66.79 86.73 113.82 122.97 124.74 105.10 76.35 58.23 40.19 29.37 20.01 17.78 15.93 16.19 16.58 17.14 17.39 17.29 17.16 16.96 17.11 17.34 15.34 10.16 6.04 3.04 1.53 1.40 3.82 7.77 10.19 10.13 9.78 9.33 8.28 8.55 8.65 8.78 9.00 10.56 39.43 64.68 64.27 63.93 63.49 63.11 62.59 62.24 62.24 62.17 62.08 62.00 61.91 62.11 62.54 63.63 65.07 68.70 73.51 78.99 84.67 89.65 94.74 97.18 99.11 98.48 97.70 99.45 101.53 105.53 111.75 121.22 134.03 157.32 175.25 181.66 185.33 186.05 186.83
68.30 83.94 95.16 119.86 127.33 128.82 129.81 107.59 105.10 105.93 91.46 49.26 35.01 32.29 25.97 22.20 22.48 22.40 20.70 20.13 18.91 18.15 17.01 17.02 15.02 9.18 4.97 2.63 1.90 2.36 8.87 15.52 16.68 9.59 7.67 7.39 7.56 8.58 8.82 8.77 40.48 44.02 68.00 65.98 65.69 65.68 65.20 64.50 63.29 62.73 62.27 62.24 62.12 61.99 61.83 61.86 62.20 63.26 64.75 68.51 74.15 81.39 87.65 92.84 99.42 103.46 105.82 108.34 108.01 111.03 120.93 125.16 129.44 135.74 148.61 167.70 177.59 182.78 185.23 185.95 186.73
119.07 125.54 126.34 127.16 127.99 128.81 129.62 130.43 131.23 132.07 132.90 104.27 59.96 55.07 48.75 44.89 42.92 41.23 29.71 25.02 23.40 21.72 17.16 17.08 14.36 7.90 3.89 2.08 1.88 2.97 10.76 21.25 17.35 8.56 6.64 6.84 7.57 8.62 8.67 8.71 40.97 71.75 69.51 67.38 67.45 67.44 66.95 66.36 64.95 63.40 62.76 62.31 62.15 61.75 61.53 61.57 61.82 62.90 64.40 69.07 74.92 82.16 89.99 97.40 104.08 108.13 113.96 116.85 122.87 132.72 142.61 146.86 149.60 154.94 162.14 173.65 179.89 183.42 185.12 185.85 186.61
124.62 125.43 126.23 127.03 127.84 128.65 129.46 130.26 131.06 131.88 132.68 133.49 111.96 112.34 109.19 107.96 108.82 109.73 99.08 50.31 38.17 28.69 19.98 17.26 14.33 11.62 7.91 2.92 2.87 7.07 13.77 12.44 11.61 8.79 6.93 7.34 7.58 8.14 8.35 8.67 42.33 74.00 71.43 68.93 68.90 68.85 68.69 68.31 66.89 65.24 63.17 62.59 62.02 61.44 60.93 60.96 61.16 62.32 64.04 69.01 75.40 83.00 92.14 100.17 107.52 115.07 127.82 136.42 151.09 158.57 167.27 169.46 170.30 171.18 177.16 181.05 183.02 184.28 185.00 185.73 186.49
124.50 125.30 126.10 126.89 127.69 128.49 129.30 130.10 130.89 131.68 132.48 133.28 134.08 134.89 135.71 136.57 137.42 138.32 129.19 80.41 77.56 70.55 61.84 55.91 21.37 17.13 15.82 11.47 6.17 9.43 10.17 8.36 7.94 7.33 7.50 7.75 7.94 8.11 33.15 33.48 67.14 76.74 73.64 71.14 71.11 70.24 70.26 70.10 68.99 67.34 65.26 62.95 61.94 61.37 60.75 60.41 60.60 61.87 63.65 68.70 75.63 85.13 94.28 102.54 110.33 129.69 142.44 153.62 168.29 175.78 178.11 178.90 179.74 180.62 181.35 182.36 183.43 184.15 184.87 185.61 186.35
124.36 125.16 125.96 126.75 127.54 128.33 129.13 129.93 130.72 131.51 132.29 133.08 133.87 134.68 135.49 136.34 137.19 138.08 132.97 133.86 134.74 135.61 122.86 71.27 36.73 26.40 21.93 21.71 18.02 12.62 10.23 7.53 7.17 7.82 7.92 8.01 8.14 8.27 42.97 77.50 80.93 79.96 76.69 73.85 72.51 71.43 71.50 71.38 70.77 69.51 67.09 64.78 62.63 61.27 60.30 59.94 60.09 61.36 63.35 68.92 76.36 85.99 96.34 104.73 112.87 134.88 157.64 167.07 176.98 178.24 178.93 179.69 180.47 181.19 181.89 182.56 183.32 184.02 184.74 185.49 186.24
124.17 124.98 125.78 126.57 127.36 128.17 128.97 129.76 130.56 131.35 132.13 132.92 133.71 134.52 135.33 136.17 137.02 137.91 138.80 139.69 140.58 141.44 124.30 95.78 95.08 90.22 84.78 45.62 13.07 10.04 9.30 7.68 7.31 7.79 8.03 8.13 8.25 8.35 43.02 79.29 83.42 82.69 79.63 77.62 74.82 73.49 72.44 72.33 71.88 71.22 69.36 66.45 63.35 61.58 60.41 60.05 60.09 61.29 63.25 68.95 76.55 87.03 97.68 106.21 122.78 145.79 166.95 176.13 177.65 178.31 179.00 179.74 178.61 170.35 170.34 168.72 169.40 174.65 182.98 185.38 186.13
123.96 124.78 125.58 126.39 127.19 127.99 128.80 129.60 130.41 131.19 131.97 132.76 133.54 134.35 135.17 136.01 136.87 137.76 138.66 139.55 140.43 141.28 140.65 140.53 139.83 138.32 116.90 50.57 10.84 9.03 8.30 8.21 8.27 8.71 8.95 8.78 8.87 8.96 41.86 76.71 81.35 84.49 82.60 81.76 78.87 75.87 74.47 73.50 73.33 72.44 70.80 68.59 64.95 62.49 61.16 60.25 60.23 61.41 63.37 68.86 76.50 86.98 98.45 114.76 130.52 151.76 172.91 175.16 177.65 178.30 178.96 179.66 176.43 165.69 157.80 155.56 155.96 167.45 175.77 179.08 185.36
123.72 124.55 125.38 126.19 127.00 127.81 128.62 129.43 130.24 131.03 131.81 132.59 133.38 134.20 135.02 135.89 136.77 137.68 138.59 139.48 140.35 141.17 140.18 135.66 134.65 129.10 117.39 96.25 46.16 14.04 13.70 17.23 15.51 12.76 12.11 8.77 10.11 11.45 42.01 72.33 78.75 82.97 83.41 85.28 82.64 79.73 76.48 75.06 74.22 72.97 72.07 70.16 66.84 64.47 62.26 61.11 60.92 62.06 63.53 68.65 75.68 86.32 98.39 111.78 119.52 144.44 168.62 172.53 177.61 178.25 178.87 179.50 176.21 154.67 143.97 136.80 134.35 146.00 154.34 171.57 182.35
123.48 124.33 125.16 125.98 126.79 127.61 128.43 129.24 130.06 130.86 131.65 132.43 133.22 134.06 134.89 135.79 136.67 137.59 138.51 139.40 139.82 140.07 139.06 133.50 120.25 116.22 104.51 88.80 65.11 36.06 32.98 36.44 37.61 33.60 30.10 27.78 29.47 29.64 56.99 69.19 74.30 80.00 82.48 86.65 84.01 83.69 80.44 76.97 75.24 74.28 73.55 71.78 68.65 66.59 64.13 62.24 61.98 62.80 64.07 68.98 75.14 82.68 94.75 104.31 112.05 136.97 153.55 167.52 172.87 178.10 178.72 179.39 176.10 154.56 134.98 126.04 120.41 128.82 142.81 161.69 179.57
123.24 124.08 124.93 125.76 126.58 127.40 128.22 129.04 129.87 130.67 131.48 132.27 133.07 133.91 134.75 135.66 136.56 137.49 138.41 139.24 139.66 138.95 133.02 108.49 95.24 98.00 93.33 86.24 75.18 68.42 65.34 64.47 65.15 65.65 63.93 62.73 61.76 60.21 64.93 65.85 70.62 75.51 81.27 86.31 87.40 87.70 83.91 80.38 77.58 75.69 74.94 73.54 71.66 69.22 65.82 63.92 63.30 63.72 64.57 68.58 73.73 80.76 88.41 98.09 107.41 119.31 129.06 147.40 163.85 172.11 178.54 179.27 176.00 152.63 132.83 123.97 118.41 120.00 129.21 146.91 164.16
122.99 123.83 124.67 125.51 126.34 127.18 128.00 128.82 129.66 130.47 131.30 132.14 132.95 133.79 134.65 135.55 136.45 137.36 138.26 139.04 139.45 138.77 129.03 102.72 89.47 91.37 91.69 88.14 81.27 74.54 68.93 66.48 66.56 66.28 66.38 65.55 64.81 63.42 64.11 64.40 69.06 72.50 78.82 84.31 86.30 90.31 88.75 85.22 82.08 78.94 77.43 76.22 74.76 73.10 70.26 68.37 66.62 65.64 66.11 69.90 73.21 79.66 84.93 90.46 99.13 108.84 115.14 132.69 138.62 152.76 160.23 164.00 176.38 166.22 143.55 125.72 120.17 119.87 124.82 137.42 148.61
122.73 123.57 124.42 125.26 126.10 126.94 127.78 128.62 129.47 130.30 131.14 131.98 132.82 133.67 134.52 135.41 136.31 137.22 138.11 138.87 136.68 136.04 126.30 99.13 85.82 86.85 87.17 86.74 85.59 78.90 73.32 68.40 64.21 63.72 63.82 63.98 63.10 62.44 62.64 62.84 66.06 69.37 75.59 81.78 86.97 92.35 91.50 89.72 85.94 83.17 81.31 79.44 78.42 76.76 74.39 72.30 69.88 68.40 68.34 70.20 72.97 76.38 81.20 86.73 92.31 98.39 104.41 110.02 116.00 130.52 145.02 161.66 176.24 169.27 158.46 137.94 121.36 118.24 117.33 124.26 138.22
122.48 123.32 124.17 125.03 125.88 126.72 127.59 128.44 129.29 130.13 130.97 131.81 132.65 133.50 134.35 135.22 136.11 137.02 137.89 138.74 136.24 124.66 113.64 96.86 87.40 84.81 85.13 89.10 91.11 90.19 84.15 73.89 67.30 63.69 63.42 62.08 60.89 59.95 60.00 59.90 62.91 65.86 71.66 77.67 83.93 90.37 94.19 93.39 90.74 88.64 85.67 83.27 82.18 80.52 79.50 77.69 75.15 72.90 71.22 72.76 73.27 75.89 79.75 85.04 89.90 95.62 100.84 106.47 112.49 128.03 143.00 160.39 175.74 178.81 170.30 159.30 147.14 123.94 120.50 120.33 133.06
122.26 123.11 123.96 124.82 125.68 126.55 127.41 128.27 129.13 129.97 130.81 131.65 132.48 133.32 134.16 135.04 135.89 136.77 137.67 138.56 136.05 124.48 108.85 94.62 85.79 83.34 84.01 86.82 85.01 84.54 86.55 76.29 69.69 66.40 62.91 61.57 60.37 58.31 57.84 57.74 59.32 62.27 68.07 73.59 81.08 87.52 91.34 96.97 96.34 94.00 90.92 88.53 87.34 85.97 85.12 83.77 81.26 78.96 76.32 73.68 74.19 76.81 79.44 83.27 88.12 93.31 99.16 106.97 112.98 128.53 148.33 161.52 176.87 179.95 181.01 176.81 168.92 149.69 135.41 134.74 135.68
122.05 122.89 123.76 124.63 125.51 126.38 127.26 128.12 128.98 129.82 130.65 131.49 132.31 133.14 133.97 134.81 135.65 136.51 137.39 138.28 135.23 118.51 102.68 88.67 79.84 78.37 76.74 72.39 69.46 66.78 69.00 74.15 72.04 71.54 67.45 62.28 59.93 57.03 56.51 56.26 57.15 58.61 63.64 68.93 76.88 83.98 91.41 97.51 99.81 99.74 97.13 94.75 92.50 91.13 90.75 89.56 87.83 84.97 81.14 78.29 75.90 77.38 79.13 82.79 86.92 92.90 99.23 108.25 117.02 139.65 161.76 170.30 179.43 180.15 180.87 181.61 177.74 168.02 158.16 150.80 151.73
121.89 122.72 123.58 124.45 125.34 126.23 127.12 127.97 128.83 129.67 130.48 131.30 132.13 132.95 133.76 134.57 135.41 136.27 137.11 137.99 133.82 116.47 100.73 86.81 77.99 75.90 72.46 68.22 64.32 61.27 63.49 63.01 63.44 63.65 59.56 64.13 62.48 59.53 59.01 55.68 56.44 55.66 56.86 62.14 69.46 75.11 85.84 91.95 96.30 101.40 100.08 100.54 99.58 98.42 98.27 97.16 96.35 93.53 89.46 84.17 80.71 78.65 79.55 83.22 85.95 91.49 97.78 106.83 117.66 141.75 167.27 172.14 179.30 180.01 180.73 181.46 182.20 179.46 170.65 166.40 171.17
121.73 122.55 123.40 124.28 125.17 126.07 126.96 127.82 128.67 129.49 130.31 131.12 131.94 132.75 133.56 134.37 135.17 136.00 136.83 137.70 134.51 116.90 98.46 84.59 75.31 72.52 69.23 65.10 61.46 57.92 54.62 51.46 51.89 53.89 58.53 65.26 63.61 60.88 58.55 55.10 54.17 53.34 54.27 55.03 59.06 64.71 76.31 86.68 95.56 101.77 102.54 104.53 104.51 104.73 104.80 104.98 104.78 101.96 97.48 93.33 87.36 84.42 82.37 82.55 85.09 90.63 96.14 105.94 116.29 141.21 166.74 171.10 179.15 179.87 180.58 181.30 182.04 182.80 183.37 183.08 183.51
121.59 122.42 123.25 124.11 124.99 125.89 126.78 127.64 128.49 129.31 130.13 130.94 131.75 132.56 133.37 134.16 134.97 135.78 136.59 137.44 134.59 121.88 102.34 77.99 68.63 66.45 63.38 59.77 56.37 53.05 49.82 48.13 48.01 49.06 50.94 54.82 54.50 56.40 56.24 54.16 53.13 52.11 52.48 52.42 53.96 58.97 66.32 73.20 86.45 93.06 99.54 104.56 105.36 105.91 106.47 107.03 107.41 104.74 104.98 102.32 97.66 94.06 88.27 85.70 85.90 90.71 94.28 102.85 112.57 122.15 141.86 157.19 178.22 179.61 180.44 181.16 181.90 182.65 183.41 184.12 184.55
121.46 122.27 123.10 123.96 124.83 125.69 126.58 127.44 128.29 129.11 129.93 130.75 131.57 132.38 133.19 133.98 134.77 135.56 136.33 137.09 134.24 121.53 109.20 84.94 69.81 67.00 58.24 54.91 51.51 48.81 48.13 46.45 46.32 46.38 47.58 48.75 50.29 52.19 52.03 52.96 52.92 51.83 51.51 51.45 52.99 53.90 57.53 64.40 77.66 86.91 96.37 101.79 102.99 107.01 107.67 108.23 108.75 109.21 109.44 106.78 104.15 101.89 96.10 91.84 89.95 92.94 94.14 98.60 107.38 116.97 124.45 139.17 163.12 171.07 172.30 173.02 181.75 182.50 183.26 184.01 184.77
121.34 122.15 122.96 123.80 124.65 125.50 126.36 127.22 128.07 128.90 129.73 130.56 131.38 132.20 133.01 133.79 134.58 135.37 136.13 136.76 134.25 128.95 117.27 93.36 75.56 59.44 50.68 49.77 47.97 47.59 46.96 46.19 45.43 44.51 44.79 44.96 46.47 48.25 49.74 51.75 52.43 52.65 52.28 52.16 52.55 53.14 55.15 60.31 66.72 75.27 88.19 96.42 103.04 107.05 108.13 108.81 109.33 109.80 110.23 109.60 109.86 108.25 105.90 100.88 96.34 96.30 95.44 97.15 100.71 108.31 115.01 117.62 127.75 145.79 156.51 171.28 181.61 182.35 183.10 183.86 184.62
121.23 122.03 122.84 123.66 124.50 125.35 126.19 127.04 127.88 128.72 129.55 130.38 131.21 132.02 132.83 133.62 134.41 135.20 135.95 135.13 122.98 102.92 91.24 74.66 71.84 62.68 53.92 51.29 49.10 48.41 47.57 46.88 46.06 45.15 45.07 44.32 44.60 46.25 48.64 50.66 53.47 54.15 55.30 55.01 55.25 55.70 57.47 59.29 64.69 73.25 85.37 95.12 102.77 106.78 107.95 113.47 117.38 117.85 113.36 111.15 111.41 109.80 109.32 105.33 103.29 99.76 98.77 96.25 98.25 105.18 106.45 110.39 113.65 122.76 140.00 155.24 171.67 181.81 182.55 183.47 184.47
121.12 121.92 122.73 123.54 124.37 125.19 126.03 126.86 127.70 128.54 129.38 130.21 131.04 131.85 132.66 133.45 134.22 135.01 134.35 127.99 114.61 87.01 67.90 65.05 63.46 60.70 57.14 52.71 50.22 49.28 48.58 47.93 47.11 46.23 45.21 44.19 44.47 45.00 47.29 49.68 52.59 55.54 56.88 59.95 60.24 60.70 61.45 63.28 68.20 73.80 84.35 94.17 102.73 107.85 109.10 115.41 124.55 125.16 117.62 115.41 115.69 112.12 112.20 110.99 109.53 106.00 102.23 99.47 96.57 97.24 98.51 102.73 107.20 113.47 120.52 137.17 153.60 169.55 182.11 183.28 184.28
121.02 121.82 122.63 123.45 124.26 125.08 125.91 126.74 127.58 128.42 129.26 130.08 130.91 131.71 132.50 133.28 134.05 134.75 134.08 115.72 91.78 77.14 58.35 61.26 63.21 56.74 53.06 52.56 50.07 49.87 49.13 48.19 47.34 45.94 45.09 44.26 44.54 45.13 47.27 49.20 52.34 55.84 60.31 68.87 75.15 76.77 79.15 81.16 84.18 87.40 93.44 103.39 112.39 117.51 123.14 131.06 135.69 142.51 145.96 142.80 124.08 115.50 112.68 111.42 109.92 106.40 102.64 99.39 95.29 93.98 94.66 98.56 102.57 108.73 114.57 119.75 135.60 152.75 169.32 182.88 183.87
120.91 121.72 122.54 123.35 124.16 124.97 125.79 126.62 127.46 128.29 129.13 129.95 130.77 131.56 132.34 133.12 133.88 134.59 133.14 111.10 87.15 72.51 60.73 64.32 64.30 56.79 58.42 57.70 49.87 49.73 48.85 47.76 46.45 45.15 44.39 43.78 43.91 44.49 46.28 48.22 51.78 55.65 64.52 74.87 84.38 89.91 92.29 99.61 102.36 105.58 111.47 117.61 126.67 131.39 137.79 141.97 146.15 150.23 158.72 148.65 134.37 130.02 124.78 112.81 111.27 107.75 102.11 97.01 92.91 91.60 90.77 94.30 97.99 104.20 110.05 115.23 120.48 135.46 152.03 166.81 183.18
120.81 121.62 122.44 123.25 124.05 124.86 125.67 126.50 127.33 128.16 129.00 129.82 130.63 131.42 132.20 132.97 133.74 134.50 133.08 122.93 106.87 91.06 79.10 74.54 72.89 75.73 73.84 57.59 49.72 48.58 47.57 46.19 45.03 43.98 43.32 42.83 42.79 42.93 44.69 46.59 50.18 54.06 64.16 75.09 89.56 99.52 109.41 118.59 123.83 128.27 132.19 137.61 142.37 147.03 151.57 155.34 157.47 160.78 163.93 160.48 158.48 154.17 149.08 131.21 113.77 107.80 100.10 94.32 89.18 87.82 86.97 89.91 93.37 99.89 105.95 112.10 117.52 121.32 134.02 156.38 172.96
120.67 121.49 122.31 123.13 123.94 124.75 125.56 126.37 127.20 128.01 128.84 129.66 130.46 131.24 132.03 132.81 133.58 134.36 134.89 131.27 119.58 106.85 98.26 84.37 80.05 79.75 73.35 63.16 56.30 52.11 50.83 46.93 44.24 43.14 42.60 42.13 42.09 41.97 43.49 45.38 48.97 52.41 59.75 70.68 85.19 99.81 111.71 122.19 130.49 135.30 139.89 145.61 150.03 153.66 157.77 160.69 162.63 165.39 167.20 167.96 166.49 162.17 161.05 161.87 142.36 133.29 107.79 101.26 90.36 85.14 84.01 85.29 88.75 95.22 101.99 109.80 115.47 119.69 130.67 149.90 164.82
120.53 121.35 122.18 123.00 123.82 124.63 125.44 126.25 127.07 127.87 128.68 129.47 130.27 131.06 131.84 132.62 133.40 134.17 134.70 134.28 133.86 132.35 123.75 101.61 86.60 82.62 79.56 77.50 71.08 60.36 52.70 46.89 44.02 42.70 41.95 41.57 41.35 41.19 42.70 44.38 47.54 50.95 57.63 64.80 79.90 94.52 107.04 118.74 128.97 137.52 143.88 149.82 153.60 157.22 160.69 163.45 165.00 166.30 167.04 167.80 168.57 169.22 169.81 170.63 171.51 148.30 119.35 107.08 93.96 87.70 81.93 82.74 84.49 90.61 96.94 105.72 113.17 117.73 124.93 137.82 153.36
120.35 121.17 122.01 122.85 123.68 124.49 125.32 126.13 126.95 127.74 128.54 129.31 130.09 130.87 131.63 132.41 133.19 133.97 134.50 134.68 135.43 136.05 127.46 109.83 94.63 81.41 78.36 77.69 73.42 64.89 57.23 49.59 46.29 43.35 42.35 41.65 41.45 41.31 42.78 44.22 47.05 50.36 56.20 61.31 72.95 87.18 98.39 108.33 114.48 119.41 128.16 136.26 145.79 149.42 155.89 160.11 163.90 166.08 166.90 167.66 168.42 169.17 169.84 170.64 171.32 172.10 153.16 136.41 108.45 96.72 89.72 84.54 85.54 89.99 93.74 100.96 108.41 113.88 119.38 125.33 143.50
120.15 120.98 121.82 122.66 123.50 124.34 125.17 126.01 126.83 127.62 128.41 129.17 129.92 130.67 131.43 132.20 132.98 133.76 134.53 135.30 136.05 136.77 131.46 117.50 102.30 87.02 72.56 72.28 68.00 60.82 57.74 49.95 46.54 43.59 42.37 41.78 41.71 41.61 42.76 44.20 47.03 49.71 53.73 58.85 70.48 79.97 89.42 97.47 100.40 103.53 111.85 121.54 132.25 146.81 154.18 159.84 164.02 165.84 166.72 167.51 168.27 169.02 169.77 170.49 171.17 171.96 172.72 156.99 129.03 117.30 109.68 104.51 91.54 91.54 95.29 102.48 106.14 112.05 117.55 122.22 140.86
119.94 120.77 121.61 122.45 123.30 124.15 125.00 125.84 126.67 127.47 128.27 129.03 129.78 130.51 131.25 132.01 132.77 133.54 134.31 135.08 135.84 126.88 119.35 115.97 103.87 92.23 77.30 58.87 53.66 50.53 48.67 47.31 44.47 43.55 42.49 42.17 42.16 42.18 43.17 44.39 46.90 49.33 53.01 57.82 66.81 75.04 83.33 90.76 94.09 97.32 100.27 108.02 111.93 126.44 152.86 160.57 164.10 165.90 166.59 167.38 168.13 168.88 169.64 170.38 171.10 171.84 172.55 170.66 159.19 152.79 148.65 130.71 111.35 104.19 103.92 105.25 107.35 112.46 118.20 133.99 152.98
119.72 120.55 121.39 122.23 123.08 123.93 124.78 125.62 126.47 127.29 128.09 128.87 129.62 130.35 131.09 131.85 132.58 133.33 134.10 133.10 112.55 101.96 90.31 87.19 81.14 75.13 81.21 69.69 53.60 47.77 45.25 43.98 43.18 42.29 41.80 41.72 41.77 42.11 43.16 44.44 46.69 49.12 52.80 56.61 64.11 72.34 80.64 88.48 93.09 96.32 99.20 101.45 104.47 118.98 136.85 141.83 146.56 160.01 164.23 164.96 167.29 168.77 169.53 170.27 171.00 171.71 172.43 172.68 170.62 166.60 164.51 142.56 139.95 132.77 126.03 123.91 125.57 130.04 139.30 153.54 166.96
119.51 120.33 121.16 122.00 122.84 123.69 124.55 125.40 126.25 127.07 127.90 128.68 129.46 130.20 130.94 131.67 132.40 133.14 128.72 104.11 81.84 65.86 54.64 52.53 54.75 63.12 69.15 72.79 66.54 52.32 45.75 43.60 42.21 41.15 40.95 41.00 41.40 41.86 43.10 44.41 46.65 48.96 52.29 56.08 63.24 70.67 79.26 87.10 92.78 97.50 100.13 102.33 104.00 105.44 106.63 111.50 119.69 134.95 154.69 163.44 167.06 168.54 169.31 170.16 170.90 171.61 172.32 173.02 173.72 174.49 175.09 174.14 172.04 164.54 157.87 153.46 151.68 155.45 161.42 171.14 178.13
119.31 120.12 120.93 121.77 122.60 123.45 124.30 125.15 126.00 126.80 127.23 128.04 129.25 130.03 130.78 131.51 132.24 132.97 127.59 98.33 76.07 59.70 48.39 47.26 49.48 53.59 56.95 61.62 55.36 53.42 49.36 44.42 43.04 41.58 41.27 40.84 41.49 42.07 43.31 44.62 46.85 49.11 52.32 56.10 63.49 71.41 79.61 87.44 96.03 104.78 105.07 104.03 104.31 105.76 102.71 101.34 105.56 120.82 129.29 143.36 153.57 155.05 167.23 170.05 170.80 171.53 172.25 172.94 173.62 174.32 175.08 175.86 173.83 169.62 169.14 167.12 168.82 170.95 171.66 174.53 180.15
119.11 119.91 120.72 121.55 122.37 123.21 124.06 109.65 110.50 109.19 109.62 110.77 112.47 123.92 125.70 131.35 132.07 132.79 127.40 97.89 70.64 54.40 43.11 42.23 42.38 44.02 47.07 52.26 54.27 55.90 52.57 45.52 43.71 42.21 41.22 40.79 41.43 42.17 43.43 44.74 46.97 49.24 52.45 56.11 63.86 71.78 79.96 88.60 100.10 108.20 106.65 105.71 105.53 103.10 98.15 96.78 98.45 99.73 105.91 119.98 137.03 151.11 163.61 166.44 169.67 171.43 172.16 172.84 173.52 174.22 174.93 175.71 176.47 177.28 178.07 178.81 179.54 180.24 180.96 181.69 182.45
