Viento/D/solar_swdown_48h.asc
ncols 1189
nrows 618
xllcorner -129.71441650390625
yllcorner 4.956306457519531
cellsize 0.05
NODATA_value -999
[rows 72 to 107 of 618, columns 820 to 901 of 1189]
28.58 28.42 27.62 27.14 27.19 27.83 29.42 32.11 34.91 39.40 44.35 49.79 53.85 56.20 57.45 56.31 54.67 53.15 52.15 51.53 51.83 52.09 53.81 56.24 60.40 65.49 71.59 78.05 81.98 84.36 84.67 85.64 86.28 86.96 88.65 90.87 93.42 96.07 98.53 100.68 101.81 102.63 103.39 104.54 105.92 107.45 109.26 111.04 112.45 113.31 114.27 115.04 115.75 116.43 117.14 117.81 118.49 119.22 119.91 120.69 121.46 122.22 122.98 123.65 124.35 124.98 125.57 126.19 126.88 127.60 128.34 129.09 129.86 130.62 131.38 132.19 133.10 133.99 134.94 135.93 136.81 137.73
25.69 25.54 25.43 25.43 25.48 26.01 26.59 28.83 31.63 36.02 40.49 45.88 50.46 53.74 55.48 54.41 52.77 50.62 49.29 48.89 49.19 49.84 51.86 54.33 58.49 63.01 69.00 75.49 79.42 83.52 84.76 85.74 86.28 86.96 88.53 90.22 92.70 95.19 97.78 99.93 101.30 102.47 103.11 104.02 105.19 106.55 108.34 110.11 111.87 113.25 114.31 115.12 115.83 116.55 117.27 117.94 118.61 119.29 119.96 120.69 121.46 122.23 122.96 123.62 124.26 124.84 125.45 126.05 126.70 127.41 128.14 128.90 129.67 130.44 131.28 132.12 133.04 133.97 134.93 135.90 136.77 137.62
25.11 25.10 25.24 25.22 25.26 25.69 26.16 27.24 29.77 33.82 38.02 42.85 47.38 51.26 53.53 53.66 52.02 49.71 48.05 47.00 47.33 48.19 50.19 52.62 56.63 60.67 66.06 72.08 76.69 82.07 84.24 85.66 86.35 87.09 88.37 89.79 92.04 94.37 97.15 99.31 101.12 102.48 103.15 104.06 104.86 106.02 107.52 109.30 111.17 112.83 114.24 115.13 115.93 116.66 117.38 118.06 118.75 119.40 120.02 120.60 121.31 122.05 122.75 123.40 124.03 124.65 125.27 125.95 126.60 127.31 128.03 128.75 129.52 130.28 131.17 132.10 133.05 134.02 134.96 135.86 136.71 137.51
25.38 25.79 25.90 25.43 25.44 25.79 26.17 27.25 28.94 32.54 36.74 41.54 45.41 49.29 51.56 51.94 51.78 49.57 47.91 46.39 45.89 46.76 48.76 50.94 54.56 58.24 63.54 68.62 74.55 79.96 82.97 85.00 85.70 86.83 88.00 89.32 91.41 93.74 96.52 99.25 101.32 102.68 103.40 104.03 104.75 105.92 107.20 108.55 110.41 112.21 113.78 114.79 115.87 116.68 117.41 118.09 118.78 119.39 120.00 120.59 121.07 121.79 122.45 123.15 123.79 124.42 125.06 125.74 126.47 127.18 127.92 128.63 129.40 130.17 131.06 132.03 133.02 133.97 134.83 135.73 136.55 137.36
26.35 26.88 27.32 26.55 25.98 26.19 26.56 27.81 29.52 32.65 36.23 40.25 44.12 47.72 50.20 51.47 51.31 49.84 47.95 45.74 45.23 45.58 47.18 49.09 52.23 55.57 60.22 64.96 71.14 77.27 80.76 83.87 85.11 86.35 87.59 89.00 91.02 93.29 96.12 98.85 101.40 103.14 104.07 104.70 105.04 105.81 106.72 108.07 109.65 111.41 113.20 114.53 115.83 116.65 117.39 118.06 118.73 119.32 119.92 120.32 120.76 121.36 122.01 122.79 123.52 124.17 124.84 125.57 126.31 127.08 127.81 128.50 129.26 130.08 131.00 131.99 132.93 133.84 134.69 135.53 136.36 137.19
27.64 29.76 30.41 29.69 29.21 29.11 29.48 30.61 32.11 34.52 37.55 40.65 44.51 47.59 49.63 50.93 50.77 50.10 48.59 46.31 45.80 44.70 45.46 47.25 49.96 53.18 57.21 61.83 67.96 73.64 78.70 82.15 84.01 85.20 86.13 87.55 89.47 79.73 51.90 54.63 55.86 55.26 54.76 55.39 86.02 105.85 106.56 107.90 109.07 110.65 112.33 113.70 115.38 116.26 117.26 117.90 118.57 119.16 119.73 120.07 120.50 121.08 121.68 122.58 123.32 124.01 124.71 125.39 126.14 126.91 127.64 128.38 129.21 130.05 130.89 131.82 132.75 133.58 134.41 135.28 136.15 136.99
29.17 31.29 33.62 33.40 32.95 32.91 33.01 34.13 35.40 37.61 40.04 42.85 44.74 47.36 49.40 50.72 51.28 51.01 49.50 47.14 45.73 44.19 43.87 45.43 48.11 51.02 55.05 59.18 64.79 70.28 75.38 80.16 82.03 78.70 74.03 75.13 76.86 75.87 40.10 17.33 17.31 16.72 15.39 25.38 71.95 91.77 92.28 107.34 108.40 109.88 111.50 113.17 114.88 115.98 117.09 117.76 118.40 118.97 119.55 119.89 120.26 120.78 121.37 122.28 123.14 123.88 124.59 125.25 125.96 126.73 127.52 128.29 129.12 129.98 130.83 131.69 132.50 133.31 134.17 135.05 135.92 136.77
31.09 33.66 36.54 37.06 37.10 37.27 37.49 38.64 39.93 41.60 43.88 45.55 46.98 48.27 50.13 51.00 51.62 52.01 50.68 49.38 47.60 44.55 43.40 43.41 46.16 49.15 53.28 57.51 62.81 67.91 73.10 77.94 80.35 77.44 44.71 34.24 30.84 27.43 27.01 11.64 12.76 12.34 13.03 15.42 19.82 46.38 91.08 107.15 107.93 109.33 110.67 112.40 114.19 115.47 116.90 117.60 118.27 118.80 119.34 119.70 120.08 120.57 121.15 122.06 122.92 123.74 124.48 125.06 125.76 126.48 127.27 128.14 128.96 129.83 130.68 131.47 132.28 133.11 133.98 134.88 135.72 136.51
31.20 34.99 37.92 39.71 40.20 40.37 41.68 42.85 44.47 46.09 47.47 48.65 50.08 51.14 51.60 52.29 52.48 52.83 52.22 51.30 49.14 46.46 44.37 43.88 46.24 48.66 52.68 57.08 61.90 66.99 72.18 76.32 79.14 75.81 41.50 15.52 11.62 8.21 7.88 8.93 10.51 12.14 13.31 15.70 20.16 46.84 91.10 83.48 80.66 81.84 102.57 111.75 113.47 114.93 116.54 117.28 118.15 118.61 119.13 119.52 119.91 120.43 121.01 121.92 122.72 123.54 124.29 124.87 125.49 126.20 126.99 127.85 128.72 129.60 130.49 131.30 132.12 132.96 133.77 134.67 135.48 136.21
30.37 34.38 38.35 40.63 42.82 44.29 45.78 47.43 49.05 50.62 51.93 52.67 53.19 53.32 53.50 53.72 53.91 54.07 53.90 53.51 51.85 49.56 47.47 45.46 46.73 48.79 52.93 57.37 62.12 66.89 70.94 74.88 77.78 74.63 39.23 11.21 8.04 5.91 6.23 7.28 9.60 11.88 14.14 17.97 23.35 50.03 92.09 83.57 47.92 64.84 102.03 111.07 112.73 114.43 116.13 117.11 118.04 118.48 118.92 119.32 119.75 120.29 120.89 121.71 122.51 123.32 124.04 124.62 125.24 125.92 126.69 127.55 128.44 129.36 130.25 131.13 131.99 132.85 133.65 134.45 135.17 135.87
27.93 32.04 36.50 39.21 42.99 46.09 47.85 50.38 52.01 53.79 55.41 56.23 56.63 56.37 56.32 56.17 56.36 56.25 56.09 55.85 54.73 52.86 50.77 49.26 50.18 52.03 55.61 59.85 64.53 68.85 71.09 74.76 77.27 73.14 38.12 10.82 8.73 8.20 8.49 9.54 16.64 23.32 48.62 67.87 71.74 74.63 92.49 83.95 51.69 66.54 101.78 110.58 112.13 113.83 115.57 116.84 117.85 118.30 118.78 119.25 119.69 120.23 120.82 121.55 122.36 123.14 123.84 124.41 125.02 125.67 126.42 127.25 128.16 129.10 129.99 130.94 131.81 132.66 133.46 134.16 134.85 135.55
26.00 30.36 34.86 38.72 43.00 46.10 49.64 52.31 54.71 56.73 58.44 59.32 59.81 59.46 59.14 58.85 58.70 58.50 58.39 58.26 57.23 55.84 54.94 53.44 54.61 56.12 59.62 63.26 67.23 71.55 73.79 75.17 76.07 72.09 37.64 25.79 24.91 25.62 26.03 27.26 37.06 58.60 94.66 101.01 104.11 106.05 107.16 100.30 68.45 83.29 109.34 110.48 111.72 113.27 115.01 116.29 117.64 118.22 118.70 119.17 119.65 120.18 120.77 121.49 122.21 122.97 123.66 124.23 124.83 125.48 126.16 126.98 127.84 128.79 129.75 130.73 131.62 132.45 133.17 133.87 134.55 135.24
24.74 29.05 33.50 38.18 43.04 46.96 50.95 54.03 56.67 58.73 60.45 61.40 61.92 61.81 61.54 61.30 61.18 61.15 61.07 61.03 60.20 59.32 58.74 58.13 59.53 61.51 64.79 68.15 71.70 75.52 76.78 77.44 76.67 71.43 66.31 67.14 68.27 69.62 70.92 72.46 75.31 92.02 96.49 100.60 104.37 106.42 107.75 108.42 106.82 109.18 109.49 110.44 111.38 112.85 114.46 115.90 117.40 118.11 118.73 119.20 119.67 120.14 120.69 121.37 122.07 122.85 123.55 124.10 124.69 125.23 125.89 126.63 127.49 128.45 129.44 130.49 131.38 132.21 132.91 133.59 134.28 134.98
25.36 29.67 33.91 39.42 44.46 49.23 53.22 56.30 58.98 60.62 62.34 63.22 63.57 63.51 63.49 63.30 63.18 63.35 63.50 63.71 63.54 62.72 62.14 62.04 63.76 66.62 69.95 73.78 76.46 79.98 80.78 80.44 78.77 78.33 79.55 79.42 80.39 81.74 83.04 84.88 87.72 91.31 95.84 99.95 103.96 106.80 108.23 108.90 109.34 109.59 109.88 110.30 111.23 112.70 114.01 115.63 117.13 117.84 118.80 119.23 119.71 120.17 120.61 121.24 121.94 122.72 123.42 123.98 124.50 125.00 125.57 126.26 127.13 128.06 129.11 130.17 131.06 131.93 132.66 133.35 134.06 134.75
26.81 30.88 35.10 40.71 46.27 51.24 55.91 59.02 61.70 63.04 64.10 64.74 65.16 65.24 65.20 65.07 65.19 65.61 66.10 66.55 66.38 65.89 65.89 65.99 68.61 71.77 75.70 79.66 82.22 84.54 84.24 83.82 81.85 80.08 79.69 79.56 80.28 80.94 82.20 84.01 86.80 90.36 94.98 99.50 103.85 106.68 108.43 109.44 109.98 110.28 110.41 110.80 111.26 112.34 113.58 115.21 116.86 117.90 118.88 119.31 119.73 120.13 120.56 121.17 121.82 122.60 123.30 123.86 124.38 124.83 125.35 125.96 126.72 127.63 128.67 129.79 130.77 131.68 132.42 133.11 133.83 134.55
29.72 33.85 38.25 43.65 49.16 54.18 58.92 62.07 64.75 65.84 66.57 66.99 67.41 67.28 67.10 66.62 66.52 66.88 67.66 68.49 68.31 68.45 68.58 68.97 71.93 75.28 79.92 84.22 86.41 87.51 86.85 86.33 84.62 83.23 81.65 81.40 81.11 80.46 80.94 82.75 85.32 88.70 93.26 98.02 102.78 105.61 108.03 109.25 110.31 110.78 110.96 111.32 111.45 112.28 113.41 115.00 116.64 117.83 118.86 119.30 119.75 120.13 120.55 121.08 121.73 122.47 123.12 123.71 124.25 124.70 125.22 125.73 126.39 127.23 128.27 129.38 130.43 131.40 132.15 132.93 133.66 134.41
31.40 36.69 41.12 46.99 52.37 57.44 61.77 64.48 67.08 67.97 68.80 69.20 69.66 69.45 68.71 68.09 67.99 68.24 68.62 69.64 70.08 70.40 71.08 71.47 74.43 77.95 82.63 87.46 88.55 89.65 89.26 88.54 87.19 86.08 84.21 82.35 80.78 80.13 80.57 80.90 83.30 86.68 91.23 96.20 101.10 104.60 107.24 109.41 110.48 110.95 111.31 111.56 111.71 112.42 113.36 114.93 116.42 117.62 118.76 119.31 119.77 120.14 120.57 121.07 121.65 122.36 122.95 123.56 124.09 124.54 125.01 125.49 126.11 126.91 127.91 129.01 130.03 131.08 131.99 132.77 133.52 134.27
31.65 37.81 43.55 49.96 55.97 60.74 64.95 66.75 68.69 69.74 70.62 71.50 72.02 71.95 71.25 69.87 69.36 68.77 69.14 70.18 70.92 71.81 72.57 73.26 76.13 79.56 84.20 89.01 89.88 90.64 90.55 90.20 89.52 88.69 86.27 83.98 81.17 79.73 78.81 78.95 80.91 84.12 88.57 93.55 99.05 102.96 106.44 108.70 110.29 110.97 111.64 111.91 112.09 112.71 113.45 114.85 116.22 117.38 118.51 119.18 119.75 120.19 120.64 121.09 121.63 122.20 122.78 123.37 123.90 124.39 124.87 125.32 125.93 126.63 127.59 128.63 129.69 130.79 131.74 132.63 133.39 134.16
29.49 35.67 41.91 48.33 54.74 60.81 65.02 67.16 70.52 71.66 72.58 73.29 73.80 73.91 73.53 72.11 70.44 69.37 69.75 70.33 71.20 72.16 73.26 74.04 76.94 80.18 84.78 89.21 90.40 91.04 90.94 91.28 91.43 90.59 88.12 85.29 82.31 78.87 76.74 76.88 78.50 80.93 85.31 90.29 96.10 101.42 105.32 107.88 109.59 110.52 111.57 112.22 112.44 113.06 113.65 114.69 116.05 117.09 118.22 118.89 119.60 120.08 120.73 121.19 121.64 122.11 122.68 123.24 123.73 124.23 124.74 125.21 125.78 126.46 127.37 128.35 129.40 130.50 131.45 132.42 133.24 134.00
26.62 32.75 39.08 45.51 51.70 58.10 64.01 68.06 72.00 73.18 74.18 74.78 75.59 76.03 75.60 74.12 72.56 70.72 69.75 70.00 70.87 72.05 73.16 74.33 77.20 80.39 84.58 88.95 90.15 91.21 91.59 91.93 92.22 92.23 89.40 86.39 82.73 79.29 76.39 74.44 75.42 77.85 82.14 87.18 93.31 98.64 103.38 106.58 108.64 110.27 111.48 112.19 112.70 113.26 113.85 114.86 115.92 116.95 117.93 118.69 119.44 120.15 120.82 121.29 121.76 122.16 122.58 123.07 123.58 124.11 124.61 125.10 125.68 126.32 127.14 128.08 129.12 130.21 131.23 132.22 133.04 133.83
24.27 30.08 36.26 42.03 47.04 52.22 56.49 62.43 67.01 72.10 73.39 74.99 76.60 77.47 77.04 76.19 74.88 72.22 70.34 69.47 70.32 71.08 72.20 73.88 76.79 79.99 84.05 88.34 89.66 91.03 91.55 91.95 92.47 92.83 91.00 88.15 84.56 81.13 77.20 74.15 73.48 75.92 79.21 83.81 89.88 95.20 101.28 104.79 107.62 109.58 111.04 112.02 112.74 113.34 114.07 114.90 115.88 116.83 117.66 118.47 119.23 120.01 120.76 121.31 121.85 122.24 122.63 123.04 123.55 124.03 124.51 125.02 125.61 126.23 127.00 127.88 128.89 129.95 130.97 131.98 132.80 133.62
22.75 28.50 33.89 39.05 43.80 47.72 50.47 55.37 61.11 66.20 70.48 72.51 76.52 77.81 77.98 77.40 76.76 74.04 71.31 70.01 70.08 70.49 71.60 73.25 76.22 79.42 83.49 87.72 89.41 90.78 91.38 91.92 92.70 92.98 91.14 89.77 86.18 82.83 78.50 75.45 74.69 73.75 76.61 81.21 87.11 93.01 99.14 103.83 106.66 108.62 97.71 91.30 107.55 113.40 114.12 114.94 115.78 116.61 117.42 118.23 119.06 119.87 120.65 121.26 121.82 122.20 122.67 123.08 123.51 123.97 124.47 124.98 125.54 126.17 126.93 127.76 128.72 129.73 130.72 131.73 132.59 133.40
22.02 27.07 32.08 37.51 42.67 44.89 47.12 50.36 54.62 59.97 64.59 69.45 73.64 76.72 78.12 79.32 78.69 76.37 73.67 70.85 70.16 69.70 70.76 72.34 75.34 78.67 82.80 87.06 88.87 90.46 91.12 91.76 92.40 92.63 92.29 91.27 88.42 85.17 81.02 77.77 75.20 74.25 75.38 79.08 84.00 89.92 96.56 101.45 105.56 89.02 54.69 69.79 107.30 113.18 114.00 114.80 115.61 116.42 117.21 118.05 118.89 119.69 120.45 121.09 121.67 122.19 122.68 123.10 123.54 123.97 124.45 124.97 125.54 126.14 126.86 127.62 128.54 129.50 130.48 131.47 132.34 133.17
22.14 26.68 31.69 37.15 42.68 44.42 46.65 49.48 51.69 56.44 60.09 64.86 69.05 72.82 77.13 79.66 80.40 79.23 76.61 73.75 71.52 70.63 70.85 72.18 74.75 78.01 82.16 86.42 88.23 90.20 90.87 91.73 92.03 92.51 92.38 92.32 90.21 86.96 83.34 80.49 77.47 76.53 76.74 78.86 82.86 87.72 94.14 99.13 103.92 106.99 81.49 75.64 107.03 112.94 113.78 114.59 115.38 116.18 116.98 117.83 118.65 119.44 120.19 120.84 121.45 121.99 122.55 123.06 123.49 123.98 124.53 125.07 125.64 126.21 126.83 127.56 128.39 129.32 130.30 131.26 132.12 132.97
22.73 27.25 31.91 37.72 43.24 44.95 46.58 47.77 49.12 52.28 55.92 60.66 65.06 69.79 74.23 78.04 80.01 80.31 79.87 76.99 74.64 72.74 72.57 73.03 75.09 77.79 81.56 85.81 88.01 90.00 90.95 91.80 92.06 92.27 92.72 92.66 90.82 89.32 86.75 83.91 80.58 78.29 77.49 78.74 81.94 86.16 92.22 97.69 102.80 105.86 108.14 110.06 111.68 112.69 113.56 114.36 115.13 115.94 116.74 117.57 118.39 119.16 119.91 120.57 121.21 121.79 122.35 122.90 123.48 124.03 124.59 125.15 125.74 126.30 126.90 127.56 128.34 129.19 130.13 131.08 131.93 132.78
24.65 29.13 33.71 38.82 44.06 46.12 48.16 48.70 49.86 51.39 54.84 58.32 62.03 66.41 70.97 75.75 77.72 81.20 82.41 81.41 78.80 76.51 76.08 75.02 76.74 78.13 81.46 85.39 87.85 89.98 91.09 92.01 92.18 92.28 92.40 92.27 91.27 90.56 89.55 86.80 84.09 81.78 79.90 81.15 82.64 85.93 90.88 96.41 101.62 104.76 107.51 109.62 111.42 112.50 113.43 114.21 114.93 115.72 116.47 117.29 118.10 118.88 119.63 120.30 120.97 121.59 122.16 122.75 123.37 124.01 124.57 125.22 125.84 126.40 126.99 127.59 128.33 129.12 130.04 130.93 131.78 132.61
27.43 31.88 36.19 41.30 45.54 47.83 49.87 50.42 51.39 52.93 54.20 56.90 60.44 64.68 68.33 73.12 77.33 81.15 82.77 83.03 82.13 80.24 78.78 77.72 78.64 79.32 81.79 85.39 87.81 90.09 91.20 92.17 92.34 92.36 92.25 92.37 92.06 91.35 90.34 89.51 87.01 85.67 83.70 83.45 84.57 86.17 90.78 95.82 100.79 104.18 106.94 109.04 111.05 112.19 113.28 114.00 114.73 115.47 116.23 117.03 117.84 118.62 119.38 120.08 120.75 121.37 122.03 122.63 123.25 123.90 124.56 125.23 125.88 126.45 127.06 127.65 128.36 129.11 129.93 130.83 131.67 132.50
31.07 35.15 39.29 43.56 47.51 49.75 51.72 52.59 53.56 54.53 55.75 57.55 60.23 63.27 66.91 71.31 75.74 80.39 83.15 85.32 85.28 84.52 82.96 81.12 81.03 80.91 83.09 85.71 88.07 90.32 91.34 92.28 92.53 92.66 92.26 92.07 92.20 92.05 92.29 91.85 91.02 89.68 87.68 86.90 86.79 88.39 91.23 95.51 99.89 103.32 106.39 108.60 110.69 111.96 113.14 113.84 114.53 115.26 115.99 116.80 117.61 118.39 119.15 119.86 120.55 121.23 121.89 122.52 123.15 123.80 124.46 125.14 125.79 126.44 127.06 127.68 128.37 129.10 129.91 130.75 131.61 132.45
34.13 38.81 42.95 46.94 49.57 51.66 53.05 54.44 55.33 56.50 58.13 59.80 61.54 63.71 67.36 71.30 75.15 79.55 83.03 85.41 85.63 86.01 84.86 84.16 83.45 83.20 84.45 86.82 89.09 90.76 91.75 92.47 92.88 93.03 92.63 92.34 92.40 92.58 93.23 93.65 93.79 93.04 91.80 90.76 90.35 91.73 93.50 95.86 99.74 103.18 105.95 108.18 110.27 111.57 112.90 113.63 114.31 115.04 115.78 116.58 117.39 118.17 118.94 119.67 120.43 121.13 121.79 122.41 123.04 123.68 124.33 125.01 125.66 126.33 126.97 127.63 128.34 129.06 129.92 130.77 131.61 132.52
36.77 41.50 46.52 48.92 51.46 52.83 53.92 55.44 57.21 58.84 60.67 62.28 63.91 65.55 66.03 69.57 74.91 79.05 82.29 84.96 86.37 87.14 87.07 86.70 86.19 85.51 86.80 88.12 89.55 91.22 91.95 92.68 93.10 93.44 93.05 92.70 92.61 92.69 93.51 94.29 95.00 95.22 94.57 94.48 93.84 94.11 95.32 97.68 100.65 102.87 105.56 107.79 109.88 111.33 112.68 113.41 114.09 114.83 115.57 116.37 117.18 117.97 118.76 119.54 120.30 121.01 121.69 122.31 122.94 123.57 124.21 124.88 125.55 126.23 126.90 127.57 128.29 129.02 129.89 130.79 131.70 132.61
37.93 43.40 49.71 51.06 53.11 53.61 53.79 55.63 57.47 60.08 62.13 64.57 66.26 60.67 58.53 68.90 75.69 78.85 82.05 84.63 86.06 86.97 87.13 87.78 87.53 87.67 88.73 89.51 90.33 91.60 92.27 92.96 93.41 93.79 93.63 93.35 93.16 93.15 93.66 94.41 95.52 95.89 96.65 97.16 97.24 97.26 97.90 100.08 101.60 103.34 105.44 107.63 109.62 111.09 112.46 113.20 113.89 114.62 115.37 116.17 116.97 117.80 118.60 119.45 120.22 120.94 121.62 122.22 122.85 123.45 124.08 124.75 125.44 126.13 126.81 127.50 128.23 129.03 129.92 130.86 131.75 132.65
37.66 46.29 52.60 53.95 55.37 54.11 54.15 55.59 57.61 60.22 62.91 65.36 68.31 63.83 65.03 74.52 76.50 79.43 82.18 84.59 85.90 86.81 87.53 88.18 88.74 88.89 89.47 90.25 90.98 91.80 92.29 92.94 93.42 94.10 94.10 93.92 93.69 93.82 94.33 94.94 96.11 97.21 98.20 99.25 99.54 99.90 100.48 101.17 102.69 104.43 105.94 107.55 109.54 111.00 112.26 112.99 113.70 114.43 115.18 115.99 116.79 117.62 118.46 119.30 120.11 120.85 121.55 122.16 122.75 123.35 123.97 124.63 125.31 126.01 126.74 127.44 128.25 129.04 129.95 130.87 131.76 132.60
36.18 45.96 55.24 57.21 58.82 56.59 55.18 56.16 57.67 60.48 63.32 66.57 69.52 71.99 74.14 75.97 77.96 80.08 82.36 84.43 85.73 86.65 87.37 88.01 88.66 89.30 89.85 90.46 91.15 91.85 92.23 92.67 93.52 94.27 94.45 94.51 94.50 94.60 94.89 95.43 96.32 97.42 98.81 100.04 101.25 102.01 102.75 103.43 104.07 105.27 106.38 107.93 109.59 110.90 112.06 112.80 113.51 114.26 115.02 115.84 116.65 117.49 118.33 119.16 119.97 120.73 121.44 122.07 122.68 123.26 123.88 124.51 125.19 125.88 126.61 127.37 128.19 129.05 129.93 130.83 131.66 132.46
34.72 44.48 53.79 56.58 63.48 61.19 59.26 59.88 60.03 62.05 64.89 67.89 70.84 73.36 75.55 77.33 79.31 81.07 82.92 84.57 85.67 86.51 87.20 87.85 88.50 89.14 89.74 90.34 90.97 90.49 89.50 79.73 87.46 88.22 89.99 94.99 95.26 95.34 95.64 96.05 96.72 97.83 99.08 100.25 99.97 101.56 103.60 104.40 105.11 105.97 107.03 108.58 109.78 110.70 111.82 112.56 113.33 114.13 114.89 115.70 116.50 117.27 118.10 118.88 119.69 120.47 121.22 121.89 122.50 123.10 123.72 124.35 125.01 125.71 126.44 127.25 128.09 128.94 129.75 130.63 131.41 132.21
33.71 43.00 52.15 60.42 67.29 64.77 63.43 63.05 62.98 64.77 66.91 69.81 72.22 74.80 76.92 78.65 80.28 81.81 83.04 84.51 85.52 86.32 87.02 87.68 88.33 88.97 89.56 90.16 89.72 85.82 77.67 67.90 76.06 84.46 90.27 95.27 95.62 96.07 96.40 96.81 97.37 96.82 97.95 97.63 96.40 96.95 100.59 102.40 103.24 106.71 107.64 108.65 109.79 110.70 111.59 112.36 113.15 113.95 114.75 115.55 116.33 117.09 117.85 118.63 119.41 120.20 120.95 121.64 122.31 122.92 123.54 124.16 124.82 125.52 126.30 127.13 127.97 128.81 129.59 130.39 131.17 131.93
34.05 42.69 50.80 60.28 67.76 67.09 67.53 67.12 67.02 67.94 69.93 72.12 74.15 76.21 78.25 79.70 81.32 82.42 83.38 84.36 85.36 86.12 86.83 87.51 88.15 88.79 89.35 89.92 83.69 70.20 72.39 68.14 79.41 90.95 91.78 95.32 95.88 96.47 96.96 97.39 97.90 96.41 92.48 91.93 89.84 89.11 89.40 92.61 103.29 106.92 107.78 108.64 109.61 110.49 111.35 112.15 112.97 113.77 114.59 115.37 116.13 116.84 117.58 118.32 119.10 119.88 120.63 121.35 122.05 122.71 123.32 123.96 124.63 125.34 126.12 126.94 127.76 128.54 129.29 130.06 130.84 131.61
