Viento/D/solar_swdown_48h.asc
ncols 1189
nrows 618
xllcorner -129.71441650390625
yllcorner 4.956306457519531
cellsize 0.05
NODATA_value -999
[rows 36 to 71 of 618, columns 902 to 983 of 1189]
143.05 144.28 144.77 145.24 145.61 145.99 146.48 146.98 147.74 148.57 149.71 150.76 151.62 152.05 152.16 152.34 152.36 152.47 152.68 153.28 153.82 154.56 155.40 156.40 157.45 158.68 159.93 161.25 162.60 163.84 165.12 166.07 167.07 167.82 168.51 169.25 170.00 170.76 171.55 172.33 173.07 173.87 174.66 175.45 176.24 177.03 177.85 178.66 179.47 180.27 181.04 181.81 182.58 183.35 184.11 184.90 185.64 186.31 187.06 187.78 188.58 189.38 190.18 190.98 191.75 192.49 193.21 193.84 194.45 195.01 195.63 196.28 197.09 197.95 198.87 199.74 200.59 201.32 201.91 202.50 203.10 203.91
143.50 144.31 144.79 145.27 145.64 146.03 146.42 146.87 147.65 148.49 149.48 150.45 150.91 151.27 151.52 151.76 152.07 152.31 152.83 153.46 154.18 154.93 155.78 156.77 157.82 159.07 160.35 161.69 163.07 164.22 165.41 166.20 167.06 167.71 168.36 169.08 169.82 170.64 171.44 172.18 172.92 173.66 174.44 175.24 176.04 176.85 177.67 178.50 179.30 180.10 180.85 181.60 182.37 183.15 183.96 184.81 185.61 186.38 187.17 187.94 188.75 189.55 190.35 191.15 191.89 192.62 193.24 193.85 194.40 194.95 195.49 196.11 196.76 197.58 198.45 199.35 200.28 201.06 201.76 202.37 203.01 203.80
143.36 144.17 144.71 145.19 145.57 146.06 146.46 146.92 147.71 148.58 149.50 150.09 150.48 150.85 151.11 151.43 151.78 152.20 152.79 153.48 154.24 155.12 155.98 156.98 158.04 159.26 160.54 161.91 163.27 164.43 165.49 166.18 166.95 167.59 168.26 169.00 169.81 170.62 171.41 172.13 172.85 173.57 174.31 175.09 175.86 176.66 177.48 178.30 179.10 179.90 180.67 181.42 182.19 183.02 183.95 184.80 185.60 186.47 187.26 188.05 188.79 189.59 190.37 191.07 191.79 192.52 193.18 193.82 194.43 194.98 195.53 196.14 196.70 197.41 198.15 198.95 199.86 200.64 201.41 202.20 202.85 203.65
143.36 143.98 144.52 145.09 145.60 146.11 146.52 147.02 147.84 148.65 149.37 149.95 150.30 150.57 150.83 151.16 151.57 152.13 152.78 153.51 154.30 155.17 156.09 157.13 158.20 159.41 160.65 161.99 163.35 164.44 165.50 166.17 166.84 167.51 168.20 169.01 169.81 170.62 171.39 172.08 172.78 173.48 174.20 174.94 175.71 176.50 177.29 178.10 178.90 179.69 180.48 181.25 182.08 182.93 183.86 184.80 185.67 186.54 187.34 188.10 188.82 189.52 190.20 190.89 191.61 192.33 193.02 193.75 194.41 195.03 195.60 196.14 196.61 197.21 197.87 198.62 199.48 200.30 201.10 201.87 202.65 203.52
143.17 143.75 144.34 144.99 145.57 146.10 146.56 147.07 147.98 148.85 149.51 150.09 150.32 150.52 150.73 151.06 151.52 152.12 152.81 153.55 154.32 155.20 156.10 157.13 158.19 159.39 160.57 161.89 163.24 164.32 165.36 166.03 166.72 167.44 168.14 168.95 169.76 170.53 171.28 172.02 172.73 173.48 174.17 174.87 175.64 176.34 177.10 177.87 178.67 179.48 180.32 181.14 181.99 182.91 183.85 184.81 185.63 186.48 187.21 187.89 188.57 189.23 189.89 190.58 191.30 192.01 192.77 193.55 194.35 194.97 195.65 196.22 196.78 197.40 197.99 198.66 199.41 200.20 200.91 201.68 202.46 203.34
142.99 143.60 144.30 144.95 145.53 146.11 146.61 147.17 148.12 149.00 149.66 150.37 150.61 150.81 150.99 151.16 151.59 152.19 152.88 153.58 154.36 155.17 156.08 157.10 158.13 159.26 160.44 161.76 163.05 164.13 165.17 165.85 166.58 167.29 168.02 168.83 169.60 170.37 171.14 171.88 172.62 173.36 174.09 174.79 175.51 176.21 176.94 177.69 178.43 179.25 180.10 180.95 181.88 182.79 183.76 184.72 185.54 186.30 186.92 187.59 188.24 188.94 189.66 190.33 191.05 191.78 192.54 193.32 194.11 194.87 195.57 196.30 196.89 197.57 198.17 198.84 199.55 200.23 200.93 201.70 202.38 203.12
142.88 143.53 144.24 144.95 145.54 146.12 146.65 147.26 148.23 149.16 150.09 150.80 151.10 151.29 151.32 151.49 151.80 152.31 152.96 153.66 154.41 155.21 156.04 157.00 158.00 159.12 160.27 161.53 162.79 163.88 164.94 165.70 166.45 167.14 167.85 168.60 169.36 170.15 170.93 171.70 172.47 173.22 173.96 174.69 175.40 176.11 176.82 177.52 178.27 179.03 179.86 180.70 181.64 182.59 183.57 184.56 185.31 186.04 186.62 187.22 187.90 188.60 189.38 190.14 190.88 191.62 192.34 193.08 193.84 194.60 195.35 196.10 196.85 197.60 198.35 199.08 199.81 200.48 201.13 201.76 202.35 203.05
142.72 143.56 144.30 145.01 145.62 146.23 146.81 147.52 148.37 149.32 150.21 150.99 151.57 151.76 151.90 152.07 152.27 152.77 153.22 153.75 154.42 155.22 156.02 156.94 157.91 158.95 160.06 161.30 162.46 163.56 164.68 165.54 166.30 166.99 167.68 168.43 169.18 169.96 170.73 171.50 172.26 173.03 173.81 174.58 175.29 176.03 176.75 177.42 178.15 178.83 179.60 180.43 181.36 182.31 183.28 184.18 184.92 185.68 186.39 186.99 187.68 188.38 189.15 189.92 190.68 191.45 192.17 192.89 193.59 194.33 195.05 195.80 196.60 197.37 198.18 198.95 199.71 200.40 201.06 201.69 202.29 202.98
142.73 143.57 144.32 145.05 145.68 146.37 147.08 147.76 148.57 149.41 150.26 150.97 151.62 152.09 152.28 152.69 152.84 153.08 153.47 153.99 154.58 155.24 156.04 156.91 157.86 158.88 159.87 160.98 162.14 163.27 164.42 165.28 166.18 166.87 167.56 168.29 169.03 169.80 170.57 171.34 172.12 172.89 173.67 174.46 175.20 175.95 176.65 177.32 177.99 178.66 179.43 180.21 181.05 182.00 182.87 183.76 184.58 185.34 186.09 186.79 187.48 188.18 188.95 189.68 190.46 191.24 191.97 192.68 193.36 194.10 194.81 195.57 196.37 197.14 197.97 198.74 199.51 200.20 200.88 201.51 202.16 202.81
142.71 143.54 144.28 145.00 145.72 146.48 147.25 147.98 148.68 149.47 150.16 150.82 151.47 151.96 152.53 152.99 153.32 153.57 153.86 154.33 154.79 155.42 156.15 156.98 157.84 158.78 159.66 160.72 161.82 163.00 164.19 165.14 166.08 166.80 167.51 168.24 168.98 169.73 170.50 171.25 172.02 172.83 173.62 174.42 175.16 175.86 176.56 177.23 177.91 178.59 179.32 180.01 180.79 181.62 182.46 183.31 184.19 185.03 185.86 186.63 187.32 188.02 188.72 189.42 190.16 190.92 191.67 192.40 193.14 193.89 194.62 195.37 196.12 196.88 197.65 198.41 199.15 199.85 200.54 201.21 201.92 202.62
142.63 143.40 144.14 144.87 145.67 146.43 147.21 148.01 148.72 149.42 150.05 150.67 151.25 151.87 152.45 152.92 153.38 153.82 154.17 154.56 155.00 155.64 156.27 156.97 157.81 158.68 159.52 160.54 161.62 162.82 163.98 164.96 165.91 166.65 167.37 168.11 168.85 169.61 170.40 171.16 171.96 172.77 173.57 174.37 175.11 175.81 176.49 177.20 177.92 178.61 179.14 179.81 180.59 181.22 182.02 182.93 183.81 184.78 185.61 186.40 187.11 187.81 188.54 189.23 189.95 190.69 191.43 192.14 192.89 193.64 194.40 195.17 195.92 196.65 197.40 198.14 198.85 199.54 200.25 200.96 201.69 202.44
142.45 143.21 143.96 144.70 145.51 146.33 147.16 147.98 148.71 149.41 150.01 150.58 151.11 151.65 152.26 152.87 153.50 154.00 154.41 154.82 155.21 155.73 156.31 157.01 157.76 158.58 159.41 160.43 161.47 162.61 163.76 164.73 165.68 166.43 167.19 167.94 168.70 169.49 170.29 171.08 171.89 172.70 173.50 174.29 175.03 175.74 176.47 177.21 177.93 178.63 179.17 179.66 180.21 180.80 181.68 182.59 183.57 184.54 185.34 186.13 186.85 187.59 188.34 189.07 189.78 190.48 191.17 191.88 192.64 193.41 194.20 194.96 195.73 196.46 197.17 197.87 198.56 199.28 199.99 200.73 201.47 202.22
142.22 142.97 143.74 144.50 145.32 146.16 147.02 147.84 148.59 149.31 149.90 150.48 150.98 151.50 152.06 152.69 153.35 153.85 154.37 154.81 155.21 155.69 156.23 156.93 157.66 158.49 159.39 160.41 161.41 162.40 163.49 164.40 165.33 166.12 166.93 167.67 168.42 169.23 170.04 170.88 171.72 172.54 173.33 174.11 174.85 175.63 176.38 177.16 177.88 178.58 179.11 179.56 180.04 180.58 181.44 182.30 183.27 184.24 185.03 185.82 186.56 187.33 188.15 188.90 189.63 190.37 191.06 191.75 192.45 193.23 193.97 194.70 195.44 196.17 196.88 197.59 198.32 199.06 199.79 200.51 201.24 201.98
142.04 142.74 143.52 144.29 145.15 145.99 146.86 147.69 148.43 149.14 149.74 150.34 150.87 151.39 151.93 152.52 153.17 153.80 154.32 154.81 155.22 155.67 156.19 156.86 157.57 158.43 159.34 160.34 161.33 162.26 163.24 164.15 165.04 165.88 166.69 167.42 168.18 168.99 169.83 170.69 171.56 172.39 173.19 173.96 174.71 175.49 176.24 177.02 177.74 178.44 178.96 179.48 180.02 180.51 181.32 182.05 183.01 183.90 184.69 185.54 186.33 187.10 187.92 188.69 189.44 190.18 190.87 191.61 192.31 193.02 193.75 194.44 195.17 195.89 196.60 197.34 198.07 198.82 199.57 200.30 201.01 201.74
141.84 142.53 143.30 144.08 144.95 145.82 146.70 147.54 148.24 148.92 149.54 150.14 150.73 151.28 151.79 152.36 152.98 153.61 154.23 154.74 155.21 155.67 156.15 156.79 157.47 158.35 159.27 160.25 161.23 162.12 163.02 163.91 164.79 165.64 166.47 167.20 167.96 168.76 169.59 170.48 171.37 172.23 173.05 173.83 174.58 175.31 176.05 176.80 177.52 178.24 178.87 179.49 180.03 180.55 181.19 181.82 182.68 183.53 184.40 185.27 186.09 186.90 187.67 188.44 189.19 189.94 190.69 191.44 192.18 192.89 193.58 194.25 194.90 195.59 196.30 197.05 197.82 198.59 199.36 200.08 200.79 201.50
141.65 142.34 143.13 143.91 144.79 145.69 146.57 147.40 148.07 148.74 149.34 149.91 150.50 151.06 151.58 152.16 152.79 153.48 154.17 154.70 155.24 155.75 156.20 156.76 157.41 158.29 159.15 160.12 161.10 162.00 162.93 163.81 164.65 165.43 166.26 167.00 167.77 168.55 169.38 170.26 171.15 172.04 172.91 173.71 174.46 175.17 175.90 176.59 177.28 177.99 178.69 179.34 180.02 180.58 181.17 181.80 182.61 183.27 184.14 185.01 185.85 186.71 187.47 188.21 188.93 189.68 190.44 191.20 191.95 192.67 193.36 194.04 194.71 195.40 196.09 196.82 197.58 198.35 199.13 199.85 200.57 201.30
141.48 142.16 142.94 143.75 144.66 145.56 146.43 147.24 147.90 148.56 149.13 149.70 150.29 150.86 151.39 151.97 152.59 153.29 154.05 154.74 155.31 155.79 156.24 156.81 157.39 158.18 159.03 159.97 160.96 161.90 162.83 163.66 164.50 165.28 166.05 166.82 167.58 168.36 169.18 170.06 170.94 171.85 172.70 173.53 174.31 175.01 175.69 176.37 177.06 177.76 178.46 179.15 179.84 180.54 181.16 181.79 182.43 183.09 183.96 184.76 185.63 186.50 187.25 187.98 188.70 189.45 190.22 190.97 191.73 192.43 193.14 193.82 194.50 195.20 195.90 196.62 197.37 198.12 198.89 199.63 200.35 201.08
141.33 141.99 142.79 143.61 144.51 145.40 146.23 147.02 147.71 148.38 148.96 149.54 150.11 150.67 151.22 151.79 152.40 153.11 153.87 154.61 155.32 155.82 156.30 156.86 157.41 158.16 158.96 159.86 160.79 161.73 162.66 163.47 164.29 165.03 165.78 166.59 167.38 168.18 169.00 169.84 170.70 171.57 172.42 173.25 174.05 174.82 175.51 176.23 176.91 177.58 178.27 178.96 179.67 180.42 181.09 181.80 182.42 183.05 183.82 184.54 185.36 186.21 187.00 187.76 188.54 189.32 190.06 190.81 191.50 192.19 192.88 193.57 194.28 194.99 195.71 196.44 197.18 197.92 198.67 199.41 200.15 200.89
141.18 141.85 142.69 143.51 144.37 145.26 146.08 146.81 147.54 148.20 148.80 149.43 150.01 150.56 151.11 151.66 152.25 152.94 153.69 154.47 155.22 155.78 156.33 156.90 157.46 158.14 158.92 159.81 160.60 161.54 162.38 163.19 164.01 164.78 165.52 166.34 167.22 168.04 168.85 169.67 170.44 171.28 172.13 172.95 173.73 174.53 175.33 176.06 176.75 177.43 178.13 178.82 179.55 180.30 181.02 181.73 182.35 183.04 183.71 184.43 185.25 185.96 186.76 187.57 188.40 189.18 189.92 190.62 191.29 191.96 192.64 193.34 194.05 194.76 195.48 196.24 196.98 197.73 198.49 199.24 199.98 200.71
141.05 141.72 142.57 143.43 144.29 145.12 145.86 146.59 147.33 148.05 148.71 149.35 149.94 150.50 151.04 151.59 152.13 152.77 153.49 154.27 155.09 155.77 156.37 156.95 157.51 158.20 158.90 159.64 160.40 161.22 162.05 162.87 163.70 164.48 165.29 166.18 167.06 167.90 168.72 169.48 170.25 171.04 171.82 172.62 173.43 174.26 175.06 175.85 176.58 177.28 177.99 178.69 179.44 180.19 180.90 181.62 182.32 183.03 183.69 184.35 185.03 185.73 186.54 187.35 188.21 189.04 189.78 190.48 191.12 191.77 192.43 193.11 193.81 194.52 195.25 196.01 196.78 197.56 198.33 199.09 199.83 200.56
141.01 141.70 142.55 143.41 144.24 145.01 145.68 146.41 147.14 147.87 148.56 149.20 149.80 150.38 150.93 151.48 152.03 152.67 153.34 154.10 154.89 155.64 156.32 156.95 157.55 158.22 158.85 159.50 160.22 160.92 161.71 162.53 163.37 164.29 165.12 166.04 166.97 167.82 168.62 169.34 170.11 170.86 171.60 172.37 173.18 173.99 174.81 175.61 176.34 177.06 177.78 178.52 179.31 180.08 180.80 181.55 182.24 182.94 183.61 184.27 184.91 185.59 186.35 187.17 188.02 188.83 189.57 190.27 190.93 191.58 192.24 192.92 193.60 194.32 195.04 195.80 196.60 197.40 198.19 198.94 199.69 200.41
141.03 141.71 142.56 143.29 144.01 144.78 145.45 146.15 146.89 147.63 148.34 149.01 149.61 150.19 150.75 151.35 151.90 152.52 153.17 153.87 154.66 155.46 156.20 156.85 157.42 158.12 158.75 159.40 160.06 160.74 161.45 162.27 163.08 164.00 164.96 165.94 166.86 167.71 168.51 169.23 169.95 170.68 171.41 172.17 172.96 173.76 174.55 175.36 176.12 176.84 177.57 178.31 179.12 179.92 180.71 181.46 182.15 182.84 183.51 184.16 184.81 185.47 186.23 186.98 187.82 188.63 189.36 190.07 190.72 191.41 192.08 192.76 193.44 194.15 194.87 195.65 196.44 197.23 198.03 198.79 199.53 200.23
141.08 141.74 142.43 143.07 143.71 144.39 145.08 145.79 146.56 147.31 148.04 148.73 149.35 149.95 150.54 151.14 151.75 152.36 152.97 153.66 154.39 155.21 156.04 156.59 157.04 157.79 158.59 159.25 159.92 160.59 161.28 162.06 162.86 163.82 164.79 165.79 166.74 167.58 168.38 169.10 169.83 170.55 171.28 172.00 172.76 173.52 174.30 175.09 175.85 176.60 177.33 178.07 178.88 179.71 180.53 181.33 182.03 182.72 183.37 184.02 184.68 185.35 186.08 186.82 187.63 188.42 189.15 189.86 190.54 191.23 191.93 192.62 193.30 194.01 194.75 195.52 196.33 197.11 197.88 198.62 199.34 200.06
140.91 141.56 142.05 142.69 143.32 143.90 144.61 145.32 146.11 146.91 147.67 148.44 149.09 149.75 150.34 150.94 151.54 152.14 152.75 153.42 154.15 154.96 155.79 156.33 157.00 157.66 158.45 159.14 159.82 160.49 161.18 161.91 162.71 163.66 164.57 165.57 166.50 167.34 168.17 168.93 169.66 170.40 171.12 171.86 172.60 173.35 174.13 174.89 175.63 176.38 177.12 177.85 178.66 179.45 180.30 181.12 181.82 182.61 183.29 183.94 184.61 185.28 185.99 186.68 187.45 188.24 188.99 189.71 190.39 191.08 191.78 192.47 193.17 193.90 194.64 195.41 196.20 196.97 197.72 198.44 199.16 199.90
140.74 141.31 141.79 142.30 142.87 143.45 144.15 144.89 145.72 146.53 147.37 148.19 148.90 149.56 150.14 150.75 151.35 151.95 152.56 153.22 153.93 154.72 155.56 156.34 157.07 157.72 158.38 159.06 159.74 160.42 161.10 161.83 162.55 163.44 164.34 165.31 166.23 167.09 167.94 168.70 169.47 170.22 170.97 171.72 172.48 173.22 173.97 174.71 175.45 176.20 176.94 177.67 178.42 179.20 180.03 180.89 181.69 182.49 183.20 183.88 184.55 185.21 185.88 186.57 187.32 188.05 188.81 189.55 190.24 190.93 191.62 192.33 193.04 193.78 194.52 195.27 196.05 196.79 197.53 198.26 198.98 199.73
140.41 140.98 141.50 142.06 142.67 143.26 143.92 144.63 145.41 146.19 147.06 147.89 148.72 149.39 150.03 150.65 151.24 151.84 152.43 153.09 153.74 154.52 155.36 156.18 156.97 157.65 158.37 159.05 159.72 160.39 161.03 161.73 162.43 163.23 164.12 165.04 165.93 166.80 167.65 168.46 169.24 170.02 170.77 171.59 172.37 173.17 173.93 174.67 175.42 176.16 176.89 177.62 178.33 179.06 179.84 180.66 181.47 182.32 183.10 183.82 184.51 185.20 185.82 186.50 187.19 187.87 188.63 189.36 190.08 190.78 191.47 192.18 192.90 193.63 194.37 195.11 195.85 196.59 197.33 198.09 198.83 199.58
140.14 140.70 141.37 141.94 142.54 143.21 143.86 144.50 145.18 145.97 146.83 147.59 148.42 149.27 149.95 150.60 151.20 151.78 152.36 152.99 153.61 154.32 155.15 155.97 156.84 157.59 158.38 159.06 159.73 160.35 160.99 161.64 162.34 163.14 163.90 164.78 165.68 166.55 167.40 168.21 169.01 169.80 170.63 171.46 172.27 173.08 173.88 174.62 175.39 176.13 176.86 177.61 178.32 179.02 179.79 180.51 181.28 182.12 182.91 183.70 184.44 185.14 185.76 186.39 187.05 187.70 188.45 189.16 189.89 190.60 191.30 192.03 192.75 193.46 194.20 194.94 195.66 196.41 197.15 197.91 198.67 199.43
139.80 140.47 141.19 141.89 142.57 143.24 143.88 144.51 145.14 145.80 146.53 147.31 148.19 149.04 149.83 150.54 151.19 151.78 152.35 152.92 153.49 154.19 154.96 155.84 156.75 157.58 158.41 159.09 159.76 160.37 160.98 161.61 162.26 162.97 163.72 164.58 165.45 166.33 167.18 167.99 168.79 169.60 170.43 171.29 172.13 172.98 173.78 174.56 175.33 176.11 176.87 177.62 178.33 179.03 179.73 180.41 181.16 181.92 182.72 183.52 184.28 185.02 185.65 186.28 186.88 187.51 188.20 188.92 189.67 190.41 191.15 191.88 192.60 193.31 194.02 194.74 195.47 196.21 196.97 197.74 198.52 199.29
139.51 140.22 140.96 141.81 142.54 143.22 143.86 144.50 145.11 145.76 146.44 147.16 148.01 148.83 149.65 150.40 151.05 151.65 152.24 152.82 153.39 154.10 154.80 155.68 156.60 157.44 158.32 159.01 159.68 160.29 160.90 161.53 162.16 162.87 163.58 164.41 165.28 166.16 167.02 167.83 168.63 169.42 170.25 171.09 171.93 172.77 173.59 174.37 175.15 175.94 176.74 177.51 178.22 178.99 179.69 180.38 181.12 181.82 182.54 183.33 184.06 184.80 185.45 186.11 186.74 187.35 188.01 188.73 189.47 190.22 190.99 191.71 192.44 193.15 193.85 194.56 195.30 196.05 196.83 197.60 198.37 199.13
139.15 140.00 140.87 141.72 142.45 143.16 143.80 144.44 145.04 145.67 146.30 146.99 147.82 148.66 149.49 150.22 150.87 151.50 152.10 152.71 153.29 153.94 154.64 155.51 156.43 157.32 158.20 158.89 159.57 160.18 160.80 161.43 162.06 162.74 163.45 164.28 165.10 165.99 166.87 167.69 168.49 169.28 170.07 170.90 171.74 172.58 173.38 174.17 174.96 175.75 176.55 177.35 178.12 178.90 179.61 180.33 181.05 181.74 182.47 183.16 183.86 184.58 185.26 185.94 186.59 187.22 187.87 188.54 189.27 190.02 190.80 191.56 192.29 193.00 193.69 194.41 195.15 195.92 196.70 197.46 198.23 199.00
138.97 139.88 140.75 141.61 142.33 143.03 143.65 144.28 144.91 145.55 146.20 146.88 147.67 148.49 149.27 149.99 150.65 151.28 151.91 152.54 153.16 153.82 154.50 155.36 156.26 157.14 158.02 158.72 159.41 160.03 160.66 161.30 161.93 162.62 163.33 164.12 164.93 165.82 166.70 167.57 168.38 169.17 169.96 170.75 171.58 172.38 173.17 173.97 174.76 175.55 176.35 177.14 177.93 178.72 179.47 180.24 180.98 181.70 182.38 183.05 183.68 184.35 185.04 185.73 186.44 187.11 187.78 188.45 189.13 189.87 190.63 191.38 192.14 192.85 193.55 194.28 195.03 195.80 196.60 197.36 198.12 198.89
138.91 139.83 140.71 141.47 142.14 142.84 143.45 144.08 144.70 145.35 146.02 146.72 147.50 148.29 149.07 149.80 150.47 151.14 151.78 152.42 153.04 153.71 154.40 155.21 156.09 156.98 157.84 158.58 159.28 159.90 160.59 161.25 161.89 162.58 163.27 164.02 164.83 165.71 166.54 167.41 168.29 169.12 169.91 170.69 171.44 172.22 173.02 173.80 174.58 175.37 176.14 176.94 177.73 178.52 179.31 180.08 180.82 181.58 182.24 182.90 183.51 184.15 184.84 185.55 186.29 186.99 187.67 188.37 189.04 189.72 190.47 191.22 191.98 192.72 193.43 194.16 194.92 195.71 196.51 197.27 198.05 198.81
138.90 139.81 140.57 141.32 141.98 142.63 143.24 143.85 144.47 145.12 145.80 146.52 147.30 148.09 148.88 149.64 150.35 151.02 151.68 152.32 152.94 153.61 154.30 155.11 155.95 156.80 157.65 158.41 159.15 159.84 160.54 161.22 161.89 162.58 163.28 164.00 164.74 165.56 166.40 167.29 168.17 169.03 169.86 170.64 171.39 172.12 172.87 173.64 174.42 175.20 175.97 176.74 177.52 178.31 179.10 179.90 180.66 181.42 182.08 182.73 183.34 183.97 184.66 185.37 186.13 186.88 187.59 188.28 188.94 189.62 190.34 191.08 191.83 192.58 193.32 194.08 194.84 195.63 196.42 197.21 197.99 198.75
138.87 139.71 140.41 141.15 141.79 142.44 143.05 143.67 144.29 144.93 145.60 146.30 147.07 147.86 148.67 149.47 150.23 150.91 151.59 152.24 152.86 153.52 154.20 155.00 155.79 156.63 157.48 158.28 159.04 159.75 160.49 161.22 161.91 162.61 163.33 164.05 164.78 165.49 166.33 167.18 168.02 168.93 169.80 170.60 171.35 172.05 172.77 173.52 174.30 175.08 175.85 176.60 177.36 178.13 178.91 179.69 180.45 181.18 181.85 182.51 183.14 183.81 184.52 185.23 186.00 186.76 187.50 188.19 188.87 189.55 190.25 190.99 191.75 192.50 193.26 194.03 194.80 195.57 196.36 197.12 197.89 198.66
138.78 139.58 140.29 140.98 141.62 142.28 142.91 143.54 144.15 144.76 145.42 146.12 146.89 147.65 148.47 149.27 150.05 150.79 151.48 152.14 152.77 153.42 154.09 154.82 155.61 156.46 157.31 158.11 158.93 159.66 160.41 161.12 161.85 162.61 163.34 164.09 164.80 165.52 166.23 167.04 167.91 168.84 169.71 170.52 171.27 171.97 172.69 173.42 174.17 174.96 175.72 176.48 177.24 177.98 178.75 179.50 180.23 180.96 181.64 182.32 182.99 183.66 184.37 185.11 185.88 186.64 187.38 188.10 188.78 189.47 190.17 190.93 191.69 192.45 193.23 193.99 194.76 195.53 196.29 197.04 197.79 198.57
138.65 139.42 140.13 140.83 141.50 142.16 142.81 143.44 144.04 144.65 145.29 145.98 146.71 147.47 148.28 149.09 149.87 150.62 151.32 151.99 152.65 153.30 153.97 154.69 155.43 156.29 157.16 157.99 158.84 159.55 160.27 160.98 161.70 162.49 163.26 164.05 164.80 165.50 166.21 166.96 167.80 168.73 169.61 170.46 171.22 171.89 172.59 173.28 174.04 174.83 175.60 176.39 177.13 177.85 178.58 179.31 180.03 180.75 181.45 182.13 182.83 183.52 184.26 185.00 185.77 186.53 187.27 188.00 188.69 189.39 190.11 190.87 191.65 192.43 193.21 193.97 194.72 195.47 196.21 196.95 197.69 198.46
