Viento/D/solar_swdown_24h.asc
ncols 1189
nrows 618
xllcorner -129.71441650390625
yllcorner 4.956306457519531
cellsize 0.05
NODATA_value -999
[rows 576 to 611 of 618, columns 820 to 901 of 1189]
3.86 8.50 10.13 10.55 10.50 6.26 6.90 12.01 12.73 13.20 13.68 14.15 14.62 15.09 15.58 16.08 16.58 17.09 17.62 18.15 18.69 19.22 19.74 20.27 20.70 20.22 20.83 22.39 23.03 23.61 24.16 24.74 25.34 25.94 26.54 27.17 22.46 15.76 15.90 20.46 30.19 30.80 31.43 32.07 28.16 22.17 28.46 34.61 29.63 35.83 36.42 37.05 37.71 38.39 39.07 39.75 40.42 41.10 41.79 42.47 43.15 43.82 44.51 45.20 45.91 46.60 47.30 48.00 48.71 49.42 50.13 50.83 51.53 52.23 52.92 53.65 54.35 55.04 55.73 56.42 57.14 57.85
0.78 5.42 10.03 10.45 10.39 6.15 4.92 10.03 12.61 13.09 13.56 14.03 14.51 14.99 15.47 15.97 16.47 16.98 17.51 18.04 15.78 16.32 16.84 17.64 17.78 17.30 18.61 21.72 19.95 20.53 21.11 23.88 22.63 23.23 23.84 27.04 18.18 11.49 11.58 15.94 27.24 30.63 31.27 31.91 32.55 33.19 33.82 34.46 35.09 35.69 36.27 36.92 37.58 38.25 38.94 39.61 40.27 40.95 38.37 42.31 42.99 43.67 44.36 45.08 45.78 46.47 47.17 47.87 48.57 49.28 49.99 50.69 51.39 52.08 52.80 53.53 54.23 54.92 55.61 56.28 57.00 57.71
1.57 5.92 9.94 10.35 10.30 8.29 9.52 12.07 12.52 12.97 13.44 13.92 14.40 14.88 15.37 15.85 16.36 16.88 17.40 17.93 12.30 6.87 7.69 10.91 10.87 10.21 13.12 20.97 13.28 10.55 15.00 23.79 15.72 14.41 19.64 26.91 27.52 21.63 22.03 26.55 29.84 30.45 31.11 31.75 32.40 33.04 33.68 34.31 34.91 35.53 36.14 36.80 37.46 38.13 38.81 39.47 40.12 35.30 23.72 38.80 42.84 43.53 44.24 44.95 45.66 46.35 47.04 47.74 48.44 49.16 49.86 50.57 51.27 52.00 52.71 53.42 54.12 54.81 55.48 56.11 56.86 57.60
3.28 5.82 9.85 10.26 10.62 10.90 11.42 11.98 12.43 12.88 13.34 13.82 14.29 14.78 15.26 15.75 16.25 16.77 17.29 17.83 15.77 7.02 6.04 9.25 9.74 8.91 12.87 20.73 13.04 8.12 14.90 23.68 15.61 12.23 19.51 26.78 27.39 27.98 28.53 29.09 29.67 30.29 30.95 31.61 32.26 32.90 33.54 34.15 34.75 35.38 36.02 36.67 37.34 38.01 33.88 39.33 39.92 26.21 20.16 35.24 42.70 43.41 44.12 44.83 45.54 46.24 46.93 47.62 48.33 49.05 49.74 50.44 51.16 51.89 52.62 53.31 54.01 54.70 55.36 55.99 56.73 57.50
6.95 7.35 9.76 10.17 10.54 10.45 10.82 11.78 12.34 12.79 13.25 13.72 14.19 14.66 15.15 15.64 16.14 16.66 17.18 17.72 18.24 16.25 14.33 15.79 16.85 16.82 17.22 21.30 17.34 17.88 18.46 23.55 20.23 20.80 21.40 26.64 27.25 27.84 28.39 28.96 29.55 30.16 30.83 31.48 32.12 32.77 33.38 34.01 34.63 35.27 35.92 36.56 37.22 32.98 18.58 32.27 39.78 32.77 34.48 41.85 42.57 43.29 44.00 44.71 45.43 46.15 46.85 47.55 48.26 48.96 49.65 50.32 51.03 51.75 52.48 53.21 53.91 54.63 55.30 55.95 56.66 57.41
8.86 9.27 9.67 10.09 10.46 10.37 10.61 11.41 12.24 12.70 13.15 13.61 14.08 14.55 15.04 15.53 16.04 16.55 17.07 17.61 18.14 18.66 19.20 19.74 20.28 20.82 21.38 21.94 22.49 23.03 23.60 24.18 24.74 25.31 25.91 26.50 27.11 27.70 28.25 28.83 29.42 30.04 30.70 31.36 32.00 32.63 33.25 33.88 34.51 35.16 35.81 36.45 37.00 25.09 10.68 24.04 39.69 40.34 41.01 41.73 42.45 43.17 36.85 37.56 45.30 46.02 46.73 47.43 48.13 48.83 49.55 50.22 50.91 51.62 52.35 53.08 53.81 54.53 55.21 55.88 56.57 57.30
8.78 9.18 9.59 10.01 10.37 10.61 11.04 11.47 12.15 12.60 13.04 13.49 13.96 14.44 14.93 15.43 15.93 16.45 16.97 17.50 18.03 18.56 19.10 19.61 20.15 20.71 21.26 21.80 22.35 22.90 23.48 24.05 24.62 25.19 25.77 26.35 26.97 27.56 28.13 28.71 29.31 29.93 30.59 31.24 31.88 32.52 33.15 33.78 34.41 35.06 35.69 36.23 36.58 25.05 11.24 24.28 39.54 40.21 40.91 41.63 42.36 32.71 21.67 33.78 45.16 45.86 46.57 47.26 47.95 48.70 49.43 50.13 50.81 51.50 52.22 52.94 53.68 54.42 55.11 55.79 56.46 57.15
8.69 9.10 9.50 9.92 10.34 10.76 11.18 11.61 12.05 12.50 12.94 13.39 13.86 14.34 14.83 15.32 15.83 16.35 16.87 17.40 17.92 18.46 18.99 19.50 20.05 20.60 21.14 21.68 22.24 22.79 23.37 23.93 24.50 25.07 25.65 26.23 26.84 27.43 28.00 28.59 29.19 29.83 30.48 31.12 31.76 32.41 33.03 33.67 34.30 33.16 33.79 34.07 34.42 22.89 18.03 32.31 39.41 40.12 40.81 41.52 42.23 34.09 23.04 33.61 45.00 45.70 46.42 47.12 47.83 48.58 49.28 49.98 50.67 51.36 52.08 52.80 53.54 54.29 55.01 55.69 56.36 52.22
8.60 9.01 9.42 9.83 10.25 10.67 11.09 11.52 11.95 12.39 12.83 13.29 13.76 14.25 14.74 15.23 15.73 16.25 16.77 17.29 17.81 18.34 18.87 19.40 19.94 20.48 21.03 21.58 22.14 22.69 23.25 23.81 24.38 24.95 25.53 26.11 26.70 27.28 27.88 28.47 29.09 29.72 30.35 30.99 31.63 32.27 32.92 33.55 34.18 32.50 30.46 30.68 30.85 28.00 32.15 38.43 39.28 40.00 40.71 41.40 42.10 42.77 37.94 38.62 44.82 45.51 46.22 46.99 47.72 48.42 49.11 49.81 50.50 51.20 51.92 52.67 53.40 54.13 54.86 55.58 51.37 41.89
8.51 8.92 9.33 9.75 9.89 8.90 9.77 11.42 11.85 12.29 12.73 13.19 13.66 14.15 14.64 15.13 15.64 16.15 16.66 17.18 17.70 18.23 18.76 19.29 14.83 15.37 15.92 21.05 22.03 22.58 23.14 23.69 24.26 24.84 25.42 26.00 26.58 27.17 27.77 28.36 28.98 29.61 30.23 30.86 31.50 32.13 32.77 33.39 34.02 32.35 31.17 31.40 31.77 33.20 37.35 38.42 39.15 39.87 40.59 41.28 41.95 42.60 43.27 43.95 44.63 45.32 46.07 46.83 47.56 48.26 48.95 49.65 50.35 51.05 51.78 52.51 53.21 53.93 54.67 55.42 47.48 31.19
8.42 8.83 9.24 9.65 9.80 7.59 7.03 10.08 11.75 12.20 12.65 13.10 13.57 14.05 14.54 15.04 15.54 16.05 16.56 17.08 17.60 18.12 18.65 19.18 13.41 7.36 12.54 20.93 21.90 22.45 23.02 23.58 24.16 24.74 25.32 25.90 26.49 27.08 27.65 28.24 28.87 29.50 30.11 30.73 31.36 31.98 32.60 33.22 33.84 33.58 34.23 34.72 35.36 36.00 37.40 38.35 39.02 39.73 40.45 41.12 41.79 42.43 43.09 43.76 44.44 45.18 45.93 46.67 47.40 48.11 48.80 49.49 50.20 50.91 51.62 52.32 53.01 53.71 54.46 55.24 40.41 18.74
8.34 8.74 9.15 9.55 9.70 7.50 7.63 9.23 11.65 12.10 12.55 13.00 13.47 13.95 14.44 14.93 15.44 15.94 16.46 16.97 17.49 18.01 18.53 19.07 18.93 11.63 18.07 21.21 21.77 22.32 22.89 23.46 24.04 24.62 25.20 25.78 26.37 26.95 26.74 21.92 23.94 24.29 21.64 28.14 31.19 31.83 32.46 33.08 33.70 34.35 35.00 35.65 36.29 36.92 37.56 38.22 38.88 39.60 40.30 40.96 41.62 42.27 42.92 43.59 44.31 45.05 45.79 46.52 47.25 47.96 48.66 49.34 50.04 50.76 51.46 52.16 52.86 53.55 54.28 55.05 36.75 29.47
8.26 8.66 9.06 9.46 9.60 9.75 10.16 10.59 11.55 12.00 12.45 12.90 13.37 13.84 14.33 14.83 15.33 15.84 16.35 16.87 17.38 17.89 18.42 18.96 19.47 19.38 20.52 21.06 21.63 22.19 22.76 23.33 23.92 24.50 25.08 25.66 26.25 25.99 17.97 14.59 23.81 24.17 13.22 16.38 28.52 31.67 32.32 32.94 33.57 34.22 34.88 35.52 36.16 36.80 37.44 38.09 38.75 39.45 40.14 40.80 41.47 42.10 42.75 43.46 44.19 44.93 45.67 46.38 47.10 47.81 48.50 49.17 49.87 50.61 51.31 52.02 52.71 53.40 54.12 54.86 51.10 51.84
8.18 8.58 8.97 9.37 9.32 6.61 7.78 11.02 11.45 11.90 12.35 12.80 13.26 13.73 14.22 14.72 15.22 15.73 16.24 16.76 17.27 17.77 18.30 18.84 19.35 19.86 20.40 20.94 21.51 22.07 22.64 23.20 23.79 24.37 24.95 25.54 26.11 24.13 17.61 21.39 28.51 29.10 22.36 23.19 30.88 31.51 32.16 32.82 33.45 34.08 34.74 35.38 36.03 36.65 37.29 37.95 38.60 39.29 39.99 40.66 41.33 42.00 42.65 41.81 35.12 44.81 45.54 46.25 46.95 47.66 48.33 49.01 49.74 50.49 51.19 51.89 52.56 53.24 53.96 54.69 55.44 56.17
8.10 8.49 8.88 9.27 9.22 5.21 3.23 8.09 11.35 11.79 12.24 12.70 13.16 13.63 14.11 14.61 15.11 15.62 16.13 16.64 17.15 17.64 18.17 18.72 19.23 19.74 20.28 20.83 21.39 21.95 22.52 23.08 23.66 24.25 24.83 25.41 25.98 25.54 26.14 27.77 28.37 28.96 29.54 30.13 30.73 31.36 32.01 32.67 33.32 33.96 34.60 35.25 35.90 36.51 37.12 37.78 38.44 39.15 39.85 40.52 41.20 41.88 40.89 24.36 17.68 35.64 45.41 46.10 46.80 47.48 48.18 48.89 49.63 50.39 51.10 51.77 52.43 53.08 53.80 54.53 55.26 55.99
8.01 8.40 8.79 9.18 9.57 9.04 6.54 10.82 11.25 11.69 12.14 12.60 13.06 13.53 14.00 14.49 15.00 15.50 16.01 16.52 17.03 17.52 18.06 18.60 19.12 19.65 20.18 20.73 21.29 21.84 22.39 22.96 23.54 24.12 24.71 25.29 25.86 26.44 27.04 27.64 28.24 28.83 29.41 30.01 30.62 31.25 31.90 32.55 25.19 22.17 31.74 35.11 35.77 36.38 36.98 37.64 38.30 39.02 39.72 40.38 41.06 41.74 42.41 37.47 30.79 44.55 45.27 45.96 46.64 47.33 48.03 48.75 49.49 50.25 50.96 51.64 52.29 52.94 53.65 54.37 55.08 55.81
7.93 8.31 8.69 9.08 9.47 9.88 10.29 10.73 11.16 11.60 12.04 12.50 12.96 13.43 13.90 14.39 14.88 15.38 15.89 16.41 16.91 17.40 17.94 18.48 19.02 19.55 20.09 20.63 21.18 21.73 22.28 22.83 23.41 23.99 24.58 25.16 25.74 26.32 26.91 27.51 28.11 28.70 29.28 29.88 30.50 31.13 31.79 24.34 11.84 17.83 31.60 34.98 35.63 36.24 36.84 37.50 38.16 38.87 39.59 40.25 40.92 41.58 42.26 42.96 43.67 44.41 45.13 45.81 46.50 47.18 47.88 48.61 49.36 50.11 50.82 51.50 52.15 52.80 53.50 54.21 54.92 55.63
7.85 4.73 5.08 5.72 9.39 9.79 10.20 10.63 11.07 10.06 8.56 12.41 12.87 13.33 13.80 14.29 14.77 15.27 15.78 16.29 16.81 17.31 17.83 18.38 18.91 19.44 19.98 20.52 21.05 21.60 22.15 22.71 23.29 23.86 24.44 25.02 25.60 26.19 26.78 27.38 27.97 28.56 29.15 29.75 30.37 31.01 31.66 23.74 11.41 17.94 31.53 34.86 35.51 36.14 36.74 37.39 38.05 38.76 39.46 39.95 39.56 41.44 42.12 42.83 43.55 44.25 44.97 45.66 46.35 47.03 47.74 48.48 49.22 49.97 50.67 51.36 38.02 33.50 49.63 54.12 54.83 55.50
7.77 4.82 1.77 5.80 9.30 9.70 10.11 10.54 9.97 5.25 3.76 9.37 12.77 13.23 13.70 14.18 14.67 15.16 15.67 16.18 16.70 17.21 17.74 18.27 18.80 19.33 19.87 20.40 20.93 21.47 22.02 22.58 23.16 23.29 23.87 24.89 25.47 26.05 26.65 27.24 27.83 28.42 29.02 29.62 30.24 30.88 31.53 24.37 12.11 18.46 32.00 34.74 35.40 36.02 36.64 37.29 37.94 38.63 39.29 38.47 38.07 40.21 41.98 42.71 43.44 44.12 44.81 45.50 46.19 46.88 47.61 48.36 49.10 49.83 50.53 51.23 38.79 19.68 31.44 51.95 54.70 55.38
7.69 8.06 5.35 8.82 9.21 9.62 10.02 10.45 10.89 10.35 8.85 12.22 12.68 13.14 13.61 14.09 14.57 15.07 15.58 16.09 16.60 17.11 17.63 18.16 18.69 19.22 19.75 20.29 20.84 21.37 21.92 22.48 21.04 13.55 16.80 24.77 25.35 25.93 26.53 27.11 27.69 28.28 28.87 29.49 30.12 30.75 23.95 27.78 24.92 31.27 33.96 34.62 35.28 35.90 36.51 37.16 37.81 38.49 39.19 39.80 39.41 41.17 41.87 42.56 43.29 43.97 44.64 45.33 46.03 46.74 47.46 48.22 48.96 49.67 50.38 51.07 51.74 39.41 51.17 53.88 54.61 55.30
7.60 7.98 8.35 8.74 9.13 9.53 9.93 10.37 10.80 11.24 11.68 12.13 12.58 13.05 13.52 13.99 14.47 14.98 15.48 15.99 16.50 17.01 17.53 18.06 18.58 19.11 19.64 20.18 20.72 21.27 21.82 21.53 12.52 6.54 16.68 24.65 25.23 25.81 26.41 26.99 27.56 28.13 28.73 29.35 29.98 24.96 15.00 18.83 30.05 33.16 33.83 34.50 35.16 35.78 36.39 37.04 37.69 38.37 39.05 39.70 40.35 41.07 41.77 42.45 43.13 43.80 44.48 45.16 45.86 46.58 47.31 48.07 48.79 49.51 50.21 50.92 51.59 52.25 52.98 53.74 54.47 55.21
7.52 7.90 8.27 8.66 9.04 9.45 9.85 10.28 10.71 11.15 11.59 12.04 12.49 12.96 13.43 13.91 14.39 14.88 15.39 15.89 16.40 16.91 17.43 17.95 18.47 19.00 19.53 20.07 20.62 21.16 21.71 21.43 15.20 15.76 16.58 24.54 25.12 25.70 26.29 26.86 27.43 28.01 28.61 29.23 29.87 26.60 18.78 22.61 30.51 33.02 33.69 34.35 35.02 35.66 36.28 36.93 37.58 38.24 38.92 39.60 40.25 40.95 41.62 42.30 42.98 43.65 44.34 45.06 45.76 46.45 47.15 47.89 48.62 49.33 50.03 50.76 51.46 52.12 52.86 53.63 54.36 55.10
7.44 7.82 8.19 8.57 8.96 9.36 9.77 10.20 10.63 11.06 11.50 11.94 12.40 12.86 13.33 13.81 14.30 14.79 15.28 15.79 16.29 16.80 17.32 17.84 18.36 18.89 19.42 19.96 20.51 21.05 21.60 22.15 22.71 23.28 23.85 24.43 25.00 25.58 26.16 26.73 27.30 27.89 28.49 29.11 29.75 27.88 21.79 24.45 31.80 32.90 33.55 34.21 34.87 35.51 36.15 36.81 37.46 38.12 38.78 39.46 40.13 40.80 41.47 42.15 42.84 43.50 44.19 44.93 45.63 46.30 47.00 47.73 48.44 49.15 45.67 46.40 47.09 47.78 52.74 53.51 54.25 54.97
7.36 7.74 8.11 8.49 8.88 9.29 9.69 10.11 10.54 10.97 11.41 11.85 12.30 12.76 13.24 13.71 14.20 14.69 15.18 15.68 16.19 16.69 17.21 17.72 18.25 18.77 19.31 19.85 20.39 20.94 21.49 22.04 22.60 23.16 23.74 24.31 24.89 25.46 26.04 26.61 19.85 19.09 28.38 29.00 29.63 30.24 28.40 31.06 32.13 32.77 33.41 34.06 34.71 35.35 36.00 36.66 37.32 37.97 38.64 39.30 39.97 40.64 41.32 42.00 42.68 43.37 44.06 44.23 44.80 46.14 46.84 47.55 48.26 32.85 25.97 26.02 26.71 47.43 52.60 53.36 54.09 54.80
7.29 7.66 8.03 8.41 8.80 9.20 9.61 10.03 10.45 10.88 11.31 11.76 12.21 12.67 13.14 13.61 14.09 14.58 15.08 15.57 16.08 16.58 17.09 17.61 18.13 18.66 19.20 19.73 20.28 20.82 21.37 21.93 22.49 23.05 23.62 23.27 23.59 24.16 24.74 25.61 14.97 14.21 26.03 28.88 29.50 30.12 30.73 31.36 32.00 32.64 33.28 33.92 34.56 35.20 35.85 36.51 37.16 37.82 38.49 39.15 39.81 40.49 41.17 41.85 37.30 37.99 40.56 40.42 37.29 38.82 39.93 40.64 42.61 24.41 18.10 17.65 26.45 47.30 52.47 53.20 53.90 54.62
7.21 7.58 7.95 8.33 8.72 9.12 9.52 9.94 10.36 10.79 11.22 11.67 12.12 12.57 13.04 13.51 13.99 14.48 14.97 15.46 15.97 16.47 16.98 17.50 18.02 18.55 19.08 19.62 20.16 20.71 21.26 21.81 22.37 22.94 23.51 23.15 19.65 19.95 23.23 26.38 26.14 25.37 28.15 28.75 29.37 30.00 30.62 31.25 31.88 32.52 33.15 33.78 34.41 35.05 35.69 36.35 37.01 37.66 38.32 38.98 39.64 40.35 41.03 31.23 19.03 31.38 39.60 29.70 24.84 15.31 16.43 37.19 47.51 42.49 36.87 37.70 38.08 47.13 52.30 52.99 53.70 54.43
7.13 7.50 7.87 8.25 8.63 9.03 9.44 9.85 10.27 10.70 11.13 11.57 12.02 12.48 12.94 13.41 13.89 14.37 14.86 15.36 15.85 16.36 16.87 17.38 17.91 18.43 18.97 19.50 20.05 20.59 21.14 21.70 22.26 22.82 23.39 23.03 19.53 18.76 23.11 26.26 26.85 27.44 28.03 28.63 29.25 29.87 30.49 31.12 31.75 32.38 33.01 33.64 34.26 34.90 35.54 36.20 36.80 31.70 32.35 33.00 39.46 40.17 38.75 22.66 15.57 34.16 43.43 33.06 26.66 15.46 21.74 45.69 47.37 47.16 48.23 49.74 50.68 51.41 52.11 52.80 53.54 54.27
7.06 7.42 7.79 8.17 8.55 8.95 9.35 9.76 10.18 10.61 11.04 11.48 11.93 12.38 12.84 13.31 13.78 14.26 14.75 15.25 15.75 16.25 16.76 17.27 17.79 18.32 18.85 19.39 19.93 20.47 21.03 21.58 22.15 22.72 23.28 22.91 22.15 22.72 23.30 26.14 26.73 27.32 27.91 28.51 29.13 29.75 30.37 30.99 31.62 32.24 32.87 33.49 34.12 34.75 35.38 36.05 36.66 21.63 16.45 25.25 39.29 39.99 38.56 29.38 23.60 36.34 43.43 44.16 38.64 38.74 45.01 47.00 47.02 31.33 36.57 49.61 50.54 51.25 51.95 52.65 53.42 54.17
6.98 7.34 7.71 8.09 8.47 8.87 9.26 9.68 10.09 10.52 10.95 11.39 11.83 12.29 12.74 13.21 13.68 14.16 14.65 15.14 15.64 16.14 16.65 17.16 17.68 18.21 18.74 19.27 19.81 20.35 20.91 21.47 22.04 22.61 23.16 23.72 24.28 24.85 25.43 26.02 26.61 27.20 27.79 28.40 29.01 29.63 30.25 30.87 31.49 32.10 32.72 33.35 33.98 34.61 35.23 35.90 36.52 21.49 14.69 25.10 39.15 39.84 38.41 29.22 27.31 36.26 43.35 44.08 39.23 39.94 46.23 46.89 38.27 24.03 35.21 49.72 50.42 51.04 51.83 52.53 53.30 54.06
6.91 7.27 7.63 8.01 8.39 8.78 9.18 9.59 10.01 10.43 10.86 11.30 11.74 12.19 12.65 13.11 13.58 14.06 14.54 15.03 15.53 16.03 16.54 17.05 17.57 18.09 18.63 19.16 19.70 20.24 20.80 21.36 21.94 22.51 23.05 23.61 24.16 24.73 25.31 25.90 26.50 27.09 27.69 28.30 28.90 29.52 30.13 30.74 31.35 31.97 32.58 33.21 33.85 34.48 35.10 35.76 36.37 29.64 30.29 30.95 39.03 39.72 38.28 36.44 37.14 37.78 43.17 33.02 26.67 27.96 34.83 46.82 39.73 40.44 48.92 49.60 50.22 50.58 51.49 52.44 53.19 53.92
6.83 7.19 7.55 7.93 8.31 8.70 9.10 9.51 9.92 10.34 10.77 11.21 11.65 12.10 12.55 13.01 13.48 13.96 14.44 14.93 15.42 15.92 16.43 16.94 17.46 17.98 18.51 19.05 19.58 20.12 20.68 21.24 21.81 22.39 22.94 23.48 24.04 24.61 25.19 25.78 26.38 26.97 27.57 28.17 28.78 29.38 29.99 30.60 31.21 31.83 32.44 33.08 33.73 34.36 34.99 35.64 36.29 36.94 37.59 38.25 38.92 39.61 40.29 41.00 41.41 41.80 38.08 26.48 27.50 28.58 31.04 43.16 47.40 48.10 48.79 49.48 41.84 42.20 51.22 52.28 53.06 53.79
6.76 7.11 7.47 7.85 8.22 8.62 9.01 9.42 9.83 10.25 10.68 11.12 11.56 12.00 12.46 12.91 13.38 13.85 14.34 14.82 15.32 15.81 16.32 16.83 17.35 17.87 18.40 18.93 19.47 20.01 20.56 21.11 21.67 22.24 22.80 23.35 23.92 24.49 25.07 25.66 26.25 26.84 27.43 28.04 28.64 29.24 29.84 30.45 31.07 31.70 32.32 32.96 33.61 34.25 34.88 35.53 36.17 36.83 37.49 38.16 38.83 39.51 40.20 40.87 41.27 40.91 36.94 38.20 39.49 32.07 34.16 43.01 47.25 47.97 48.66 49.34 39.00 26.75 39.56 52.17 52.94 53.67
6.68 7.04 7.39 7.77 8.14 8.53 8.93 9.33 9.75 10.17 10.59 11.03 11.46 11.91 12.36 12.82 13.28 13.75 14.23 14.72 15.21 15.71 16.21 16.72 17.24 17.76 18.29 18.81 19.35 19.89 20.43 20.98 21.54 22.10 22.66 23.22 23.78 24.36 24.94 25.53 26.12 26.70 27.30 27.90 28.50 29.10 29.70 30.31 30.93 31.56 32.19 32.83 33.47 34.11 34.75 35.40 36.04 36.70 37.36 38.03 38.70 39.39 40.07 40.74 41.13 40.77 41.43 42.93 44.24 38.31 38.98 46.39 47.11 47.82 48.54 49.22 38.88 30.07 33.42 49.75 52.82 53.54
6.61 6.96 7.32 7.69 8.07 8.46 8.85 9.25 9.66 10.08 10.50 10.93 11.37 11.81 12.26 12.72 13.18 13.65 14.13 14.61 15.10 15.60 16.10 16.61 17.12 17.64 18.16 18.69 19.23 19.76 20.31 20.85 21.40 21.95 22.52 23.08 23.65 24.23 24.81 25.40 25.98 26.57 27.16 27.76 28.36 28.96 29.56 30.17 30.79 31.41 32.05 32.69 33.32 33.96 34.60 35.25 35.90 36.55 37.21 37.88 38.55 39.24 39.93 40.61 41.00 41.66 42.36 43.06 44.10 44.81 45.52 46.24 46.96 47.68 48.40 49.11 44.91 45.63 46.34 49.62 52.69 53.42
6.53 6.88 7.24 7.61 7.98 8.37 8.76 9.17 9.57 9.99 10.41 10.84 11.27 11.71 12.16 12.62 13.08 13.55 14.02 14.50 14.99 15.48 15.99 16.49 17.00 17.52 18.04 18.57 19.10 19.64 20.18 20.72 21.27 21.82 22.38 22.94 23.52 24.09 24.68 25.26 25.84 26.43 27.02 27.62 28.21 28.81 29.41 30.02 30.64 31.26 31.90 32.53 33.16 33.80 34.44 35.09 35.74 36.39 37.05 37.72 38.40 39.09 39.77 40.46 41.15 41.84 42.54 43.25 43.95 44.66 45.36 46.08 46.78 47.50 48.21 48.93 49.64 50.36 51.07 51.78 52.51 53.23
6.45 6.80 7.16 7.53 7.90 8.28 8.67 9.07 9.48 9.89 10.31 10.74 11.17 11.61 12.06 12.51 12.97 13.44 13.91 14.39 14.88 15.37 15.87 16.37 16.88 17.39 17.92 18.44 18.97 19.51 20.05 20.59 21.14 21.69 22.25 22.81 23.38 23.96 24.54 25.12 25.70 26.29 26.88 27.47 28.06 28.66 29.27 29.88 30.49 31.11 31.73 32.36 33.00 33.63 34.27 34.92 35.57 36.23 36.89 37.56 38.23 38.92 39.60 40.29 40.98 41.68 42.38 43.09 43.80 44.51 45.21 45.91 46.61 47.31 48.02 48.73 49.44 50.15 50.86 51.58 52.30 53.02
