Viento/D/solar_swdown_72h.asc
ncols 1189
nrows 618
xllcorner -129.71441650390625
yllcorner 4.956306457519531
cellsize 0.05
NODATA_value -999
[rows 144 to 179 of 618, columns 1053 to 1133 of 1189]
250.88 251.73 252.45 245.25 187.92 178.70 236.49 254.12 254.04 253.33 253.15 212.06 178.74 169.93 138.34 118.38 126.26 185.84 263.44 264.35 265.16 256.89 236.31 188.65 173.44 234.33 270.14 263.21 255.86 208.52 173.61 147.92 180.09 253.29 275.90 277.21 278.29 279.61 280.74 281.65 282.48 283.28 284.11 284.92 285.80 286.69 287.63 288.57 289.49 290.40 291.30 292.23 293.17 294.13 295.12 296.13 297.15 298.16 299.21 300.26 301.35 302.39 303.46 304.48 305.47 306.43 307.41 308.37 309.32 310.31 311.28 312.36 313.42 314.50 315.59 316.56 317.51 318.45 319.40 320.40 321.41
250.72 251.60 252.34 220.58 160.77 173.24 234.39 254.11 251.59 215.80 214.91 173.40 156.48 148.18 143.22 185.37 189.78 206.31 258.65 259.55 247.68 216.50 195.92 150.34 171.09 231.16 243.03 223.03 196.74 161.87 149.20 134.40 187.15 257.69 223.89 223.65 278.54 279.56 280.49 281.37 238.15 238.95 239.76 253.41 285.43 286.32 287.26 288.20 289.13 290.12 291.05 291.95 292.89 293.86 294.85 295.85 296.87 297.90 298.96 300.03 301.11 302.21 303.28 304.36 305.36 306.36 307.32 308.28 309.23 310.21 311.18 312.24 313.28 314.36 315.39 316.38 317.34 318.28 319.30 320.33 321.35
250.52 251.40 252.23 217.00 152.31 169.28 235.31 251.89 246.71 207.91 159.12 153.42 156.25 153.24 150.26 206.86 256.80 250.68 250.70 247.60 235.33 184.96 147.33 147.89 166.84 220.56 232.43 182.91 157.20 158.87 160.16 165.68 202.82 255.68 221.89 148.67 195.46 272.46 280.10 280.96 225.89 167.76 182.32 199.87 247.35 285.83 286.78 287.74 288.73 289.73 290.71 291.67 292.64 293.61 294.59 295.58 296.60 297.64 298.69 299.76 300.84 301.94 303.04 304.12 305.21 306.22 307.23 308.18 309.12 310.09 311.05 312.07 313.10 314.13 315.17 316.18 317.18 318.20 319.22 320.27 321.31
250.44 251.32 252.14 216.31 196.42 193.82 229.86 168.99 124.85 86.05 139.15 197.82 212.30 165.30 155.34 206.55 260.46 245.66 197.90 200.17 187.90 152.27 148.44 146.27 164.62 195.51 177.86 158.05 161.72 162.78 193.84 224.75 227.39 257.48 223.68 210.63 269.18 278.85 274.56 274.02 225.81 165.64 219.11 240.15 280.66 285.42 286.31 287.27 288.26 289.23 290.23 291.24 292.26 293.23 294.25 295.29 296.32 297.36 298.43 299.50 300.58 301.67 302.74 303.81 304.89 305.91 306.98 307.98 308.94 309.89 310.86 311.82 312.84 313.88 314.91 315.98 316.99 318.05 319.14 320.15 321.18
250.09 251.24 252.05 252.84 253.58 250.98 246.43 152.19 38.55 87.81 152.72 196.24 253.73 211.54 172.85 224.15 256.93 202.38 154.62 157.28 162.03 154.08 150.25 147.35 146.88 150.97 156.56 163.03 166.95 167.55 197.02 252.48 274.26 275.12 276.12 276.94 276.67 277.41 273.13 257.41 218.64 164.92 218.62 246.17 266.60 271.36 272.25 286.84 287.80 288.77 289.78 290.80 291.84 292.88 293.93 294.97 296.01 297.07 298.13 299.22 300.31 301.38 302.43 303.50 304.57 305.62 306.70 307.72 308.72 309.67 310.64 311.61 312.58 313.60 314.63 315.71 316.80 317.92 319.01 320.02 321.02
250.00 251.14 252.02 252.81 253.53 246.30 195.19 106.95 37.26 115.93 217.17 227.29 252.62 230.87 232.63 260.13 256.86 203.43 156.17 190.66 224.59 165.34 150.20 147.54 147.20 152.95 159.23 164.99 169.08 171.32 199.59 251.46 273.31 274.99 275.95 276.64 274.41 272.62 249.15 179.41 180.82 158.69 161.89 109.13 182.56 211.81 242.96 286.60 287.52 288.48 289.47 290.47 291.48 292.50 293.54 294.58 295.65 296.72 297.80 298.91 300.01 301.08 302.15 303.20 304.20 305.24 306.30 307.37 308.41 309.38 310.37 311.33 312.29 313.31 314.34 315.42 316.52 317.64 318.73 319.72 320.71
250.00 251.10 251.99 252.78 253.48 252.16 201.05 152.51 82.82 161.48 250.22 257.45 257.59 257.07 258.83 260.55 257.28 203.85 165.95 219.67 253.60 194.35 152.54 150.87 150.08 155.30 161.25 170.02 194.21 198.28 204.72 252.96 273.64 275.08 275.80 276.39 193.42 190.21 174.60 104.87 106.28 111.03 97.75 44.99 118.41 175.31 242.78 286.41 287.33 288.26 289.24 290.22 291.22 292.21 293.23 294.29 295.35 296.37 297.46 298.56 299.67 300.75 301.83 302.87 303.87 304.91 305.92 306.97 308.04 309.08 310.07 311.03 312.00 313.02 314.05 315.14 316.23 317.35 318.43 319.42 320.42
249.86 250.96 251.93 252.73 253.40 253.31 252.77 212.29 168.34 203.71 250.35 258.01 258.47 256.85 255.64 258.70 258.13 208.48 171.76 222.67 253.26 196.93 155.50 155.58 156.04 158.76 171.63 215.62 243.00 256.46 262.91 263.52 273.99 274.87 275.53 276.06 172.80 38.60 38.71 33.35 29.00 30.30 42.76 44.64 93.48 142.16 224.31 286.28 287.19 288.11 289.07 290.05 291.05 292.03 293.01 294.02 295.02 296.04 297.10 298.19 299.30 300.40 301.51 302.55 303.58 304.57 305.54 306.58 307.64 308.70 309.74 310.72 311.70 312.73 313.76 314.84 315.94 317.04 318.11 319.12 320.13
235.00 250.27 251.55 252.66 253.36 222.75 206.88 185.35 144.71 170.59 244.48 257.69 258.14 256.51 208.93 211.06 261.12 257.06 220.34 263.16 248.34 197.99 156.56 162.74 178.14 172.27 162.31 186.45 234.29 265.93 272.38 273.02 273.75 274.60 274.34 274.53 171.27 39.33 17.57 18.63 15.64 16.71 29.18 27.80 37.79 86.47 175.17 284.86 286.02 287.93 288.88 289.86 290.85 291.83 292.80 293.79 294.76 295.72 296.74 297.79 298.87 299.98 301.08 302.18 303.22 304.23 305.21 306.25 307.26 308.34 309.40 310.38 311.41 312.44 313.47 314.56 315.64 316.74 317.82 318.84 319.86
238.66 249.85 251.42 252.53 253.27 222.77 173.79 137.75 107.25 162.87 244.10 256.95 257.33 210.77 160.07 211.11 254.42 255.71 256.34 248.35 233.53 185.14 166.99 188.77 192.26 170.53 159.42 166.72 195.43 247.52 271.52 272.19 271.82 272.59 272.29 271.51 169.26 38.63 22.50 23.61 20.62 17.15 15.23 13.38 19.08 39.54 173.24 280.01 282.24 287.74 288.68 289.64 290.64 291.63 292.58 293.54 294.48 295.44 296.42 297.43 298.47 299.53 300.63 301.73 302.83 303.86 304.86 305.87 306.89 307.97 309.05 310.09 311.12 312.15 313.19 314.28 315.37 316.46 317.53 318.56 319.59
249.29 250.12 251.21 252.32 252.72 222.58 174.21 142.64 191.74 204.18 244.43 255.66 255.01 209.23 161.08 196.96 204.58 221.56 250.03 198.78 176.76 156.47 171.12 218.92 218.43 173.29 160.22 160.79 189.70 242.29 266.29 270.80 266.05 259.11 257.94 236.83 136.90 42.97 26.77 27.32 24.30 20.75 19.03 17.27 17.11 35.96 159.96 252.84 267.77 287.41 288.36 289.32 290.34 291.33 292.31 293.27 294.20 295.16 296.10 297.09 298.06 299.08 300.14 301.24 302.35 303.42 304.45 305.47 306.53 307.61 308.70 309.78 310.82 311.86 312.93 314.04 315.13 316.24 317.32 318.35 319.38
249.49 250.31 251.27 228.52 228.89 198.75 168.81 217.43 254.31 255.69 257.24 255.84 236.67 212.58 164.43 159.62 167.59 193.40 221.87 170.61 151.55 149.89 157.51 199.32 248.02 216.62 188.90 188.54 186.85 237.52 264.29 269.23 264.47 244.05 193.39 172.28 95.99 29.42 28.00 26.69 25.72 22.17 20.45 20.46 20.30 21.63 89.73 182.65 201.33 220.27 220.57 265.31 289.13 290.13 291.12 292.83 293.77 294.88 295.81 296.76 297.71 298.72 299.75 300.81 301.89 302.95 304.03 305.11 306.17 307.27 308.35 309.43 310.52 311.58 312.68 313.81 314.92 316.03 317.11 318.14 319.17
248.99 250.09 250.77 224.67 177.50 175.21 222.69 252.84 254.96 256.18 257.21 232.89 188.03 184.48 170.86 154.17 146.71 154.59 164.94 154.74 151.61 139.47 140.70 161.89 201.06 251.56 246.36 191.65 178.37 173.69 203.53 262.02 244.42 178.97 121.95 70.85 33.38 25.58 22.53 19.31 20.48 20.71 21.16 22.72 25.64 28.64 23.34 55.75 58.24 66.84 65.02 108.74 245.81 287.85 290.37 292.22 293.53 294.64 295.58 296.52 297.44 298.42 299.39 300.42 301.45 302.52 303.61 304.70 305.79 306.91 308.01 309.11 310.21 311.32 312.45 313.60 314.72 315.84 316.93 317.95 318.97
247.35 229.13 216.23 190.14 162.70 190.19 237.35 253.07 255.17 256.35 257.29 219.70 177.30 174.06 160.63 144.49 187.47 153.05 159.84 158.75 163.55 194.81 186.92 198.45 229.45 266.84 244.93 194.46 163.42 158.65 188.48 243.55 190.85 114.67 57.65 108.93 51.11 35.99 31.99 17.85 17.50 19.29 18.32 20.04 24.08 24.14 18.89 21.10 21.52 22.93 21.31 20.24 87.14 171.43 176.21 243.80 293.21 294.32 241.44 268.53 297.29 298.21 299.16 300.18 301.16 302.15 303.24 304.32 305.42 306.54 307.66 308.81 309.92 311.06 312.19 313.34 314.51 315.65 316.74 317.75 318.76
198.17 225.38 185.68 169.63 165.81 193.30 239.17 253.10 255.18 256.37 257.29 221.59 180.08 162.49 145.75 201.92 254.87 207.97 165.91 158.24 160.86 217.48 259.66 263.63 264.33 257.89 235.98 191.38 166.86 161.90 187.32 238.05 185.25 68.28 115.01 241.03 183.21 66.64 34.75 16.45 16.29 18.11 16.68 15.28 15.75 16.48 19.34 21.54 20.82 20.08 19.62 18.56 16.21 18.63 28.95 96.55 230.62 227.04 102.47 125.97 252.62 294.50 295.41 299.95 300.91 301.90 302.90 303.98 305.06 306.18 307.30 308.46 309.62 310.77 311.93 313.10 314.27 315.43 316.54 317.55 318.56
192.09 131.01 180.98 218.98 217.97 245.46 213.54 232.69 255.10 256.29 257.23 194.28 142.14 167.43 162.65 204.37 197.09 253.93 222.85 187.24 128.16 176.85 205.75 232.84 251.35 212.58 190.67 174.10 171.51 196.27 216.69 240.32 185.24 66.18 33.57 102.90 45.08 101.30 49.75 12.93 14.21 16.47 15.45 15.97 16.27 16.97 19.64 21.84 20.92 19.22 16.34 15.27 16.74 17.82 16.91 84.50 225.50 226.31 119.05 62.90 104.76 146.64 265.57 299.87 300.72 301.58 302.54 303.61 304.64 305.80 306.93 308.10 309.29 310.44 311.61 312.79 313.96 315.13 316.26 317.29 318.32
157.99 157.96 243.11 250.88 251.75 240.33 195.65 214.80 248.53 237.65 248.98 221.51 146.51 168.84 175.00 163.58 175.82 232.66 256.68 179.11 105.43 133.90 175.18 225.99 228.01 182.34 195.14 194.71 212.17 249.36 254.45 260.94 188.90 70.79 54.88 52.01 60.91 119.41 91.42 17.06 12.68 16.90 18.29 18.81 19.11 22.49 25.17 23.88 22.08 20.38 17.24 16.15 20.72 21.74 17.41 32.59 176.67 189.59 87.72 117.07 87.38 90.14 221.69 255.91 278.07 301.39 302.25 303.22 304.25 305.39 306.56 307.75 308.94 310.11 311.28 312.46 313.65 314.84 315.98 317.03 318.09
244.10 248.57 249.76 250.76 251.60 252.48 247.03 240.80 190.14 196.36 248.82 257.86 232.10 219.12 176.18 194.20 238.25 261.09 256.51 209.05 149.85 131.16 155.67 168.69 156.74 209.87 248.61 249.35 265.57 266.11 266.67 267.57 205.72 142.17 108.10 40.69 28.49 48.13 50.79 19.76 16.40 22.14 24.70 26.22 31.23 38.76 36.47 31.79 27.27 24.56 20.42 18.93 19.30 19.29 19.58 21.19 28.71 60.22 195.75 216.64 86.92 51.58 84.15 155.52 277.91 301.21 302.02 302.95 303.93 305.04 306.18 307.38 308.57 309.72 310.88 312.09 313.28 314.51 315.66 316.78 317.87
194.29 238.66 249.65 250.64 241.81 231.54 244.23 230.10 179.44 196.18 248.64 257.69 236.03 249.64 206.70 219.14 260.26 261.72 228.91 242.43 194.80 161.40 160.10 183.07 208.05 266.82 269.25 269.99 270.70 271.26 271.82 272.41 197.14 129.23 63.03 81.17 111.78 117.22 110.78 104.82 13.06 18.80 21.35 27.16 29.09 40.24 58.87 54.18 49.67 25.30 20.95 18.85 18.82 19.99 19.89 22.21 27.89 103.92 240.65 223.33 94.66 59.32 65.83 155.34 277.73 301.00 301.81 302.74 303.65 304.76 305.83 307.01 308.19 309.34 310.50 311.70 312.89 314.12 315.30 316.43 317.54
159.77 183.64 233.44 236.97 207.67 213.08 244.10 230.14 196.95 214.37 249.32 230.14 193.63 225.17 255.86 255.90 261.40 206.18 162.21 222.23 249.50 201.19 181.34 228.45 263.05 266.64 269.07 269.84 270.55 271.19 271.81 272.45 197.17 74.72 106.77 230.07 260.35 260.90 257.74 253.84 133.01 10.01 16.92 24.09 22.69 26.41 61.91 83.71 50.40 24.56 21.56 19.87 21.61 22.08 19.92 19.32 18.59 94.61 237.80 222.68 105.00 67.38 68.99 158.34 277.77 300.81 301.61 302.49 303.39 304.44 305.50 306.66 307.83 308.96 310.11 311.30 312.49 313.69 314.87 316.00 317.11
163.63 182.21 227.16 232.71 178.51 173.02 197.41 238.41 231.49 250.82 256.42 257.26 227.38 258.81 224.21 259.28 258.60 206.33 161.57 215.93 254.95 208.11 188.82 217.53 230.35 264.33 266.77 268.63 270.50 271.17 271.82 272.48 197.22 158.59 160.56 244.48 197.29 171.13 167.99 253.39 142.40 16.52 17.37 23.94 11.22 13.90 43.19 61.25 122.57 79.17 22.08 20.60 20.72 18.54 20.87 24.39 20.93 93.56 235.76 221.47 107.53 71.77 73.25 159.58 277.89 300.60 301.35 302.26 303.16 304.21 305.23 306.31 307.48 308.69 309.83 310.97 312.16 313.31 314.39 315.50 316.61
179.22 190.00 230.65 225.46 157.80 141.93 163.74 204.74 253.97 255.37 256.22 257.05 257.88 234.12 199.51 226.87 258.52 206.46 172.34 220.96 255.88 212.74 181.16 176.28 189.10 237.11 264.99 267.98 269.86 270.54 271.69 272.36 258.90 255.12 257.09 261.68 219.51 117.84 177.74 258.86 169.59 43.81 44.66 23.99 12.14 1.11 5.59 7.78 84.43 145.83 72.39 21.87 19.66 19.40 26.59 27.39 21.72 68.98 210.13 198.29 86.00 100.56 101.79 188.01 299.59 300.35 301.10 302.01 302.94 303.95 304.97 306.05 307.14 308.36 309.52 310.66 311.77 312.83 313.85 314.93 316.04
191.31 191.58 231.30 249.38 235.78 211.28 218.09 253.48 254.35 255.21 256.07 256.90 257.75 258.61 239.37 239.64 258.43 231.17 231.91 231.84 254.82 215.62 187.39 182.67 195.51 205.48 222.17 264.71 266.60 269.74 271.35 271.56 237.24 195.37 202.65 258.67 273.72 232.95 267.17 255.43 244.29 169.74 126.26 20.15 13.41 4.28 4.92 2.73 3.32 54.85 74.54 32.79 24.70 21.33 24.87 24.86 21.44 31.97 78.54 69.42 96.00 167.62 230.71 298.54 299.37 300.14 300.89 301.80 302.71 303.70 304.71 305.78 306.88 308.05 309.16 310.18 311.28 312.26 313.23 314.26 315.37
192.10 192.84 232.30 249.56 250.69 251.64 252.49 231.71 232.58 255.06 255.92 256.77 241.97 258.49 259.34 260.22 261.11 261.93 262.66 262.59 242.32 217.63 189.39 184.68 205.01 202.35 199.96 244.09 263.27 269.49 271.10 271.30 237.04 190.79 202.30 258.32 273.37 273.94 230.94 219.21 208.07 234.69 126.33 20.22 13.48 9.27 6.46 1.42 2.02 5.78 25.48 32.77 26.89 21.75 24.40 22.32 19.30 19.80 44.30 70.13 121.58 230.50 297.35 298.27 299.13 299.94 300.69 301.58 302.49 303.48 304.47 305.56 306.60 307.69 308.79 309.79 310.80 311.74 312.70 313.73 314.76
194.06 194.44 232.51 249.76 250.64 251.56 252.42 225.37 187.60 219.14 255.78 236.63 203.09 232.30 259.24 260.11 260.97 261.76 262.45 230.97 201.13 198.78 187.09 227.21 250.36 212.58 201.23 197.21 216.40 261.13 270.95 271.75 252.69 239.22 244.68 259.48 272.67 270.88 210.56 147.74 183.63 246.13 135.06 24.50 20.77 17.89 10.62 4.14 1.96 5.11 8.27 13.31 22.58 23.70 22.52 20.73 19.04 19.54 21.96 84.13 225.17 295.86 297.03 297.98 298.88 299.70 300.50 301.39 302.28 303.28 304.27 305.31 306.34 307.38 308.43 309.41 310.39 311.31 312.26 313.24 314.27
226.71 208.51 232.54 249.80 250.66 251.49 252.34 253.15 220.77 212.50 249.36 256.53 223.85 253.06 259.10 259.96 260.81 261.60 262.45 253.70 223.87 221.84 232.55 256.82 244.75 248.71 224.61 222.24 243.93 270.44 270.97 271.66 272.22 262.21 258.28 269.89 271.94 271.12 211.03 141.00 136.14 198.65 87.57 35.84 13.69 10.23 2.64 8.96 27.16 32.38 50.76 55.79 48.37 15.40 15.53 18.34 20.33 20.83 88.20 144.64 248.94 295.67 296.84 297.81 298.72 299.55 300.38 301.28 302.18 303.17 304.15 305.13 306.16 307.19 308.15 309.13 310.06 310.97 311.90 312.85 313.87
247.18 248.01 248.90 249.77 250.63 251.45 252.26 253.07 253.86 254.71 255.57 256.42 257.28 258.12 258.95 259.80 260.65 261.51 262.36 263.19 263.89 264.03 256.38 217.73 205.67 246.41 268.49 269.26 269.95 270.54 271.07 271.54 271.95 272.35 272.75 273.15 266.33 265.92 208.45 139.16 143.42 143.57 99.10 49.62 23.69 0.08 1.69 6.69 34.33 62.06 90.04 92.59 37.32 4.35 5.93 10.42 17.85 96.14 236.70 293.15 294.36 295.53 296.69 297.66 298.58 299.44 300.29 301.19 302.09 303.07 304.05 305.02 305.99 306.95 307.90 308.84 309.77 310.68 311.60 312.53 313.49
247.11 247.95 248.86 249.72 250.56 251.39 252.23 253.04 253.81 254.65 255.50 256.35 257.21 258.06 258.89 259.75 260.58 261.38 262.22 263.00 263.70 254.29 244.54 261.48 249.41 262.22 262.00 269.01 269.71 270.32 270.85 271.34 271.54 271.73 272.13 272.96 192.82 146.98 104.85 212.31 223.90 224.23 162.19 43.43 28.89 6.64 0.48 2.38 8.94 36.51 47.28 43.39 36.09 3.12 6.68 12.60 18.39 95.75 162.48 238.37 294.18 295.33 296.46 297.44 298.35 299.21 300.11 301.02 301.97 302.95 303.92 304.89 305.85 306.78 307.74 308.67 309.60 310.51 311.44 312.36 313.28
246.98 247.87 248.78 249.66 250.50 251.36 252.20 253.00 243.29 228.53 244.66 256.31 257.16 257.98 258.83 259.66 260.50 261.30 237.27 238.06 263.67 246.79 237.04 258.57 248.47 242.14 255.87 264.62 269.49 270.11 270.66 271.15 269.91 267.87 240.43 241.28 181.13 75.10 157.47 264.93 276.52 277.33 205.51 84.41 49.61 28.86 5.04 1.18 7.74 10.13 5.11 2.84 3.25 5.13 9.76 18.78 23.93 51.55 98.86 168.86 263.52 295.12 296.22 297.20 298.11 299.00 299.92 300.87 301.84 302.82 303.81 304.78 305.73 306.67 307.60 308.53 309.46 310.38 311.30 312.20 313.12
246.86 247.75 248.69 249.57 250.45 251.32 252.18 234.06 166.79 175.76 244.68 256.32 257.15 257.95 258.76 259.56 260.38 220.34 164.35 210.60 263.64 264.33 261.37 233.89 207.37 240.52 263.27 265.17 269.34 269.95 270.03 266.75 259.80 230.46 188.05 148.55 107.95 41.02 136.82 264.76 276.36 277.18 277.94 223.45 149.92 101.59 30.73 1.18 2.77 2.77 2.77 1.98 7.13 9.94 12.54 22.28 40.36 63.96 69.79 145.00 263.24 294.82 295.88 296.88 297.85 298.77 299.73 300.70 301.70 302.69 303.71 304.68 305.65 306.59 307.52 308.45 309.37 310.30 311.22 312.13 313.05
246.79 247.68 248.60 249.52 250.40 251.26 252.15 246.99 179.78 175.73 244.65 256.21 257.04 257.84 224.36 224.27 260.24 238.30 190.31 255.95 263.54 264.23 255.04 219.71 232.59 261.35 238.39 247.25 269.12 269.73 238.79 227.16 207.81 210.37 162.39 113.40 60.88 15.70 123.27 193.63 275.92 276.75 274.63 272.44 198.90 179.46 108.59 75.91 12.31 12.31 12.02 4.95 10.21 44.93 71.02 80.75 108.49 137.40 142.64 217.85 291.92 294.42 295.59 296.59 297.60 298.61 299.57 300.56 301.56 302.57 303.57 304.55 305.53 306.46 307.39 308.32 309.24 310.17 311.10 312.02 312.92
246.74 247.64 248.53 249.43 250.33 251.23 252.13 246.98 239.23 238.42 247.78 256.13 256.87 217.21 167.88 211.79 260.09 260.94 261.79 262.59 263.38 264.08 260.86 261.64 256.86 216.95 205.79 246.98 268.85 269.47 238.53 181.38 189.06 241.84 193.86 100.05 51.98 14.50 40.98 66.51 171.06 276.14 272.93 267.22 265.40 260.77 257.60 232.91 110.70 30.16 17.30 10.48 16.78 51.50 130.25 187.67 246.94 275.85 278.18 290.35 286.74 289.24 294.68 296.37 297.39 298.41 299.43 300.42 301.41 302.42 303.42 304.40 305.38 306.31 307.24 308.16 309.08 310.01 310.95 311.89 312.81
246.72 247.61 248.49 249.38 250.29 251.20 252.10 252.90 247.85 246.62 253.84 255.95 256.72 257.51 213.47 167.56 214.92 260.77 261.62 262.42 263.19 263.90 264.63 265.34 263.48 245.98 238.94 245.17 246.19 265.32 234.38 216.37 170.33 170.90 122.92 58.62 42.68 14.10 28.81 148.34 263.25 238.89 234.02 216.90 215.13 218.11 219.09 203.09 121.11 26.39 16.68 15.05 18.69 73.46 184.19 253.93 283.75 287.16 289.01 270.42 254.94 257.43 262.30 264.26 279.06 294.22 297.99 298.98 301.24 302.27 303.27 304.23 305.20 306.14 307.07 307.99 308.91 309.84 310.78 311.71 312.64
246.70 247.58 248.45 249.34 250.25 251.15 252.05 252.85 253.60 254.32 255.03 255.80 256.57 257.36 258.15 213.13 182.03 229.53 261.45 262.23 263.01 263.75 264.49 265.18 263.27 256.17 247.75 218.10 219.12 253.91 264.22 268.76 222.72 145.25 75.80 20.05 13.61 10.90 90.31 218.41 239.02 212.83 198.72 181.71 180.31 178.72 180.06 167.81 93.68 27.13 23.56 21.93 24.40 74.15 204.04 276.50 282.30 282.23 283.56 265.98 233.66 226.30 230.99 245.28 262.68 276.71 291.21 297.14 299.44 302.01 302.98 303.93 305.02 305.95 306.89 307.81 308.73 309.66 310.60 311.54 312.46
246.65 247.52 248.36 249.26 250.14 251.03 251.92 252.72 253.47 254.20 254.92 255.69 256.46 257.24 258.01 230.95 234.24 260.49 261.32 262.08 262.85 263.59 264.32 265.06 263.15 261.83 262.14 259.66 260.67 221.54 226.94 267.88 221.21 110.87 42.11 31.56 28.71 38.88 34.74 94.75 217.48 255.54 255.52 245.24 246.15 245.38 246.21 233.82 138.84 52.54 36.44 33.80 33.24 79.74 201.48 273.94 280.79 275.30 262.46 247.49 220.02 212.66 217.40 230.79 242.22 256.01 269.54 283.02 290.30 298.35 302.08 303.29 304.79 305.74 306.68 307.61 308.54 309.47 310.40 311.32 312.23
246.56 247.44 248.29 249.13 250.01 250.88 251.76 252.56 253.32 254.06 254.80 222.34 223.11 223.88 256.76 258.72 259.54 260.37 261.19 261.95 262.57 263.11 263.85 264.58 265.64 266.38 267.10 266.89 243.23 197.36 225.49 262.35 255.56 145.22 103.47 89.87 92.40 109.74 111.81 104.71 151.58 273.72 278.26 279.07 279.92 280.82 281.64 282.49 210.62 124.31 108.22 83.00 72.55 119.05 240.27 215.88 218.87 215.95 199.53 177.54 177.87 207.20 211.95 218.33 229.76 242.90 255.46 268.67 281.86 290.37 300.11 303.08 304.57 305.52 306.45 307.38 308.32 309.25 310.15 311.05 311.96
