Viento/D/solar_swdown_24h.asc
ncols 1189
nrows 618
xllcorner -129.71441650390625
yllcorner 4.956306457519531
cellsize 0.05
NODATA_value -999
[rows 504 to 539 of 618, columns 820 to 901 of 1189]
3.56 3.74 3.51 5.23 7.42 9.13 10.73 11.50 12.08 12.33 12.49 12.46 12.53 13.05 13.63 14.29 11.58 4.05 3.13 6.72 7.04 7.29 7.16 6.85 7.32 7.81 10.42 13.22 18.65 23.71 28.89 33.33 34.15 34.83 30.09 25.10 22.58 18.93 12.98 8.48 7.74 6.51 4.46 2.92 2.53 2.09 1.54 1.07 0.65 0.86 1.29 1.95 2.77 3.76 4.85 7.16 9.62 12.40 14.80 16.91 19.00 19.96 21.31 23.71 26.85 31.22 36.33 42.80 49.28 53.99 56.98 58.21 59.17 59.84 52.60 52.92 55.20 44.31 52.73 65.25 65.99 66.63
2.93 3.17 4.19 6.19 8.26 9.81 10.74 11.41 11.78 12.01 12.04 12.07 12.93 13.88 14.46 14.63 17.29 12.98 12.06 10.62 14.12 15.25 15.08 11.12 8.36 8.85 11.47 14.35 19.82 24.84 28.49 33.28 34.10 32.71 25.19 20.36 17.44 15.14 11.08 7.00 6.21 4.89 3.07 2.11 1.63 1.15 0.74 0.67 0.29 0.51 0.96 1.47 2.33 3.39 4.08 5.36 7.81 10.59 14.98 20.16 22.25 23.21 23.27 24.60 27.56 31.86 36.59 43.04 48.76 53.30 55.66 56.75 57.67 58.54 60.92 61.58 63.48 53.28 61.70 67.16 57.64 58.28
2.87 3.81 5.02 6.97 8.90 9.87 10.75 11.16 11.51 11.57 11.67 12.04 12.90 14.55 15.07 14.01 16.67 22.72 20.01 11.75 15.25 24.69 21.81 15.04 12.18 10.33 12.90 15.76 21.36 26.97 30.08 33.31 33.32 31.87 22.86 15.72 12.40 9.65 7.79 5.68 4.81 3.69 2.51 1.55 0.80 0.37 0.16 0.09 0.09 0.36 0.82 1.31 1.82 2.47 2.99 4.03 5.32 9.60 14.28 20.79 25.85 25.78 25.82 26.26 28.05 31.85 36.58 43.00 48.50 52.50 54.86 55.56 56.54 57.72 60.09 63.14 65.42 67.97 68.64 68.70 57.99 46.34
3.14 4.64 5.85 7.80 8.81 9.38 10.21 10.58 10.99 11.29 11.44 11.96 13.22 14.90 15.33 15.71 20.15 23.81 24.67 18.89 22.38 26.54 26.81 20.94 18.08 16.52 17.79 20.65 26.25 29.33 32.44 32.95 31.47 30.01 21.17 14.83 10.76 5.18 4.37 2.88 2.66 2.87 1.70 0.74 0.27 0.22 0.07 0.00 0.00 0.33 0.50 0.91 1.28 1.80 2.32 3.36 4.22 7.28 11.97 18.51 27.55 29.44 29.38 29.54 30.95 34.86 39.91 45.98 49.69 52.66 55.02 55.44 56.87 58.44 60.81 64.57 67.63 70.08 51.89 49.89 39.19 45.97
3.57 5.12 6.68 7.74 8.73 9.18 9.63 9.98 10.36 10.79 11.35 12.32 13.57 15.28 17.25 19.92 21.88 22.73 23.59 24.45 25.15 25.77 26.04 26.17 24.69 23.26 24.52 26.16 29.01 31.72 32.41 32.80 30.91 28.17 20.95 13.77 5.81 0.23 0.23 0.51 1.77 1.98 0.83 0.17 0.06 0.01 0.01 0.00 0.00 0.03 0.05 0.32 0.63 1.16 1.72 2.53 3.36 6.19 9.46 19.58 28.62 31.28 33.23 33.24 34.47 38.77 43.46 48.70 52.41 54.06 55.06 55.11 56.54 59.02 62.54 66.84 69.79 72.17 53.99 29.97 36.61 48.71
3.85 4.96 6.50 7.15 8.14 8.61 9.04 9.42 9.89 10.39 10.85 11.24 12.49 14.46 16.98 19.70 22.04 23.42 24.17 24.97 25.67 26.25 24.86 24.48 23.35 22.83 24.22 27.31 29.02 31.67 32.27 32.46 29.57 26.84 18.31 5.83 0.00 0.00 0.00 0.47 1.25 0.80 0.16 0.11 0.05 0.00 0.00 0.00 0.00 0.04 0.06 0.32 0.43 0.83 1.38 2.18 3.07 5.87 8.51 18.12 27.87 34.59 36.67 37.09 39.33 43.33 47.96 52.09 54.20 55.53 56.50 56.99 58.42 60.48 61.55 64.64 67.90 70.40 52.22 50.02 46.61 56.74
4.10 5.21 6.30 6.92 7.53 8.00 8.45 8.94 9.46 10.11 10.32 10.40 11.25 13.56 16.08 18.86 21.55 23.59 24.83 25.50 26.18 26.74 25.36 23.27 22.65 22.29 24.94 28.16 29.87 31.45 31.94 32.13 29.11 24.48 10.66 0.00 0.00 0.00 0.00 0.03 0.13 0.14 0.05 0.00 0.00 0.00 0.00 0.00 0.00 0.04 0.09 0.15 0.21 0.62 1.09 1.94 2.83 4.93 7.47 17.02 26.28 33.87 40.41 42.01 44.25 48.11 51.27 53.72 55.53 56.48 57.13 58.12 59.08 60.86 61.93 62.58 64.72 67.56 70.53 73.18 69.69 65.21
4.23 5.30 5.97 6.48 7.08 7.53 7.88 8.06 8.58 7.45 4.74 6.15 7.22 6.49 9.01 14.78 19.76 22.02 23.25 24.81 25.97 26.64 25.25 23.63 23.67 23.52 24.29 27.07 28.75 29.98 30.18 30.35 26.86 20.99 10.66 0.00 0.00 0.00 0.00 0.00 0.03 0.08 0.05 0.00 0.00 0.00 0.00 0.00 0.00 0.04 0.09 0.15 0.31 0.73 1.00 1.94 2.85 5.18 7.71 15.54 24.81 33.09 41.72 44.97 47.21 50.21 51.74 53.14 54.95 56.13 54.22 51.64 48.20 45.65 46.71 46.53 48.42 53.50 58.67 62.03 57.24 52.40
4.37 4.96 5.62 6.13 6.58 6.97 7.32 7.46 7.41 3.43 1.63 4.65 5.39 3.30 4.76 12.56 17.54 19.97 22.12 23.99 25.46 26.27 25.60 24.04 24.08 24.42 24.99 25.69 26.50 27.73 27.93 27.80 22.86 17.90 7.90 0.19 0.19 0.00 0.00 0.00 0.00 0.00 0.00 0.00 0.00 0.00 0.00 0.00 0.00 0.03 0.09 0.23 0.40 0.66 0.95 1.91 2.91 5.32 8.07 15.89 22.90 32.86 41.43 44.96 48.00 49.84 52.42 53.40 52.64 54.00 51.65 46.42 40.30 33.48 31.84 31.42 34.54 40.02 45.19 50.23 46.34 40.23
4.42 4.63 5.20 5.62 5.81 6.23 6.57 6.75 7.17 7.84 6.04 6.60 5.83 5.60 5.35 8.94 13.93 16.64 18.90 22.33 24.13 26.02 25.71 24.34 24.25 22.24 22.54 21.23 20.51 21.30 21.41 21.02 18.06 13.29 9.01 1.39 0.83 0.00 0.00 0.00 0.00 0.00 0.00 0.00 0.00 0.00 0.00 0.00 0.00 0.03 0.07 0.25 0.43 0.70 1.10 2.15 3.18 6.03 8.87 15.76 20.72 26.12 34.52 37.65 40.69 46.03 51.81 53.42 49.58 41.18 37.89 30.79 24.66 22.62 22.66 22.78 23.68 27.28 32.35 33.66 34.56 30.70
4.48 4.69 4.82 4.98 5.18 5.59 6.02 6.30 6.30 7.27 7.52 6.12 5.84 6.09 7.03 9.00 10.51 13.32 16.63 20.36 22.94 24.94 24.24 23.28 21.31 19.29 18.27 16.96 16.25 15.49 15.34 15.17 12.67 10.14 6.28 2.71 1.53 0.00 0.00 0.00 0.00 0.18 0.18 0.18 0.18 0.00 0.00 0.00 0.00 0.03 0.06 0.23 0.45 0.94 1.33 2.39 3.47 6.33 9.45 14.34 17.85 22.54 27.44 30.56 36.02 44.45 48.74 50.75 46.86 35.17 25.32 17.32 15.62 14.68 14.71 15.29 16.56 17.99 19.40 20.72 21.61 22.40
4.55 4.67 4.58 4.72 4.90 5.24 5.57 6.34 6.40 5.70 5.89 5.72 6.10 6.09 6.92 4.88 5.72 9.73 12.97 16.56 19.12 19.61 19.12 20.66 17.33 14.14 14.00 13.27 12.46 11.46 11.31 11.13 10.79 8.75 8.52 5.43 2.71 0.00 0.00 0.00 0.22 0.56 0.87 0.87 0.29 0.00 0.00 0.00 0.00 0.02 0.02 0.20 0.52 1.25 1.80 2.83 3.83 6.84 10.24 14.18 16.36 15.72 19.82 28.68 38.60 40.05 43.66 39.10 35.17 23.29 13.43 11.39 11.42 11.70 11.73 12.61 13.86 14.95 16.66 18.25 19.12 19.81
4.83 4.66 4.57 4.71 4.87 5.14 5.44 6.17 6.58 5.88 5.84 6.31 6.56 6.45 5.01 1.96 3.62 8.02 10.27 13.72 13.89 14.37 16.24 17.78 15.26 10.75 10.31 10.45 9.75 8.76 8.60 8.52 8.40 8.10 7.90 6.84 2.97 0.31 0.00 0.12 0.43 0.65 1.02 1.53 0.84 0.00 0.00 0.00 0.00 0.00 0.00 0.25 0.56 1.28 2.36 3.22 4.22 7.50 10.84 13.49 15.45 15.61 17.97 31.30 36.10 36.87 35.62 30.49 22.47 10.55 8.64 7.70 7.70 8.48 9.32 10.24 11.45 12.75 14.16 16.04 16.90 16.89
5.40 5.13 4.97 5.12 5.30 5.62 5.94 6.54 6.91 6.73 6.94 7.49 7.74 7.66 6.23 5.20 7.11 7.15 9.07 9.39 9.35 9.34 11.83 14.44 12.92 9.70 9.26 9.41 9.14 8.45 8.32 8.28 8.76 8.70 8.60 7.57 6.55 5.31 0.39 0.12 0.17 0.33 3.67 4.38 2.41 1.23 0.00 0.00 0.00 0.00 0.00 0.24 0.53 1.56 3.31 3.88 4.66 8.07 11.57 13.15 14.10 17.14 20.36 28.46 30.49 23.91 21.93 15.93 7.89 5.79 5.63 5.86 5.84 6.55 7.45 8.96 10.40 12.95 13.64 14.50 14.63 12.81
6.30 6.04 5.79 5.95 6.18 6.50 7.03 7.62 8.37 8.73 7.75 7.72 8.03 7.95 7.74 6.93 6.50 6.44 6.38 6.69 6.85 6.64 8.95 11.48 9.80 8.47 8.56 8.71 8.43 8.41 8.81 8.98 10.37 10.76 10.67 12.20 12.51 11.27 6.35 2.62 2.59 4.22 7.93 4.33 2.30 2.08 0.54 0.00 0.00 0.00 0.00 0.10 0.39 2.48 4.23 4.81 5.08 6.09 9.40 9.77 10.73 13.76 17.78 22.38 24.41 17.83 11.85 5.85 4.19 3.52 3.41 3.79 4.35 5.03 6.07 7.58 10.98 13.53 14.23 12.98 11.20 9.38
7.56 7.33 7.11 7.34 7.61 8.15 8.80 9.33 10.06 11.48 10.82 7.54 7.21 7.32 7.13 6.56 6.17 6.58 6.41 5.95 6.19 6.32 7.91 8.61 7.90 8.41 8.39 8.39 8.39 8.64 9.66 10.34 13.23 14.57 16.83 19.39 19.63 18.37 12.51 8.60 8.30 9.89 4.41 0.75 1.64 1.50 0.54 0.00 0.00 0.00 0.00 0.00 0.09 2.66 5.13 5.49 5.51 3.53 4.20 4.22 4.93 9.78 14.64 16.65 17.77 11.90 6.08 3.67 2.45 2.32 2.23 2.70 3.25 3.94 4.90 6.09 10.10 14.56 13.77 9.40 7.97 6.73
8.80 8.58 8.53 8.86 9.16 9.79 10.49 11.13 11.45 12.32 12.27 9.00 7.00 6.51 6.32 5.82 4.40 4.67 6.73 6.17 6.18 6.39 6.96 7.52 7.99 8.48 8.46 8.47 10.13 10.48 14.50 15.67 18.57 20.81 22.62 25.18 25.41 21.30 15.27 14.11 14.04 11.42 6.01 4.90 5.20 2.79 1.89 1.58 0.78 0.00 0.00 0.00 0.00 2.52 6.29 6.63 6.45 3.75 1.92 1.93 3.46 9.10 12.23 13.42 13.22 7.50 4.04 2.39 1.32 1.24 1.40 1.83 2.24 2.93 4.14 5.27 9.16 14.06 11.43 7.06 5.63 5.03
10.04 9.97 10.02 10.40 10.76 11.37 12.03 12.87 13.33 13.05 12.43 11.32 9.45 6.21 5.43 5.56 4.14 1.30 3.30 6.64 6.66 6.97 7.39 7.72 8.18 8.65 8.74 8.86 11.49 13.44 19.93 24.19 26.88 29.05 28.76 29.83 26.21 21.49 19.33 18.44 19.35 17.19 13.99 12.23 9.05 6.62 4.74 3.58 0.78 0.00 0.00 0.00 0.00 3.38 7.99 8.12 7.79 4.53 1.96 2.87 4.75 8.67 11.32 10.97 9.92 4.68 1.26 1.07 0.41 0.63 0.81 0.97 1.39 1.99 3.23 4.78 8.52 13.15 10.42 5.71 4.59 4.31
10.33 10.38 10.73 11.27 11.62 11.88 12.53 13.37 13.50 12.63 12.12 11.11 9.40 6.00 3.52 3.64 5.42 3.45 4.32 7.44 8.52 8.61 9.47 9.80 11.45 11.92 12.46 12.58 15.21 17.15 23.64 27.27 29.51 31.68 31.39 31.69 28.64 25.50 24.00 23.11 24.08 23.37 20.10 15.33 11.68 9.25 7.45 6.67 3.90 3.51 3.51 3.51 4.24 6.87 11.47 11.48 11.15 7.89 4.08 1.81 2.87 4.54 7.19 6.84 6.92 3.80 0.34 0.11 0.10 0.29 0.43 0.60 1.01 1.55 2.81 4.38 8.12 12.03 9.46 4.66 3.70 3.45
10.17 10.54 11.02 11.66 12.17 12.18 12.47 13.17 13.29 11.62 10.52 9.75 7.85 3.22 0.73 0.76 2.54 5.91 7.46 10.03 10.88 10.64 11.57 12.86 14.77 16.83 17.49 18.07 19.76 21.26 24.90 27.60 29.57 31.34 32.27 32.71 31.11 29.12 28.39 28.03 29.54 28.83 25.29 20.44 14.18 11.32 9.70 8.92 8.60 8.31 8.88 9.62 11.00 13.17 15.90 15.91 15.58 11.81 7.82 3.11 0.57 0.57 1.37 1.35 1.45 1.76 0.47 0.15 0.07 0.14 0.28 0.47 0.82 1.22 2.48 4.24 7.24 10.25 7.78 3.68 2.75 2.52
10.15 10.65 11.13 11.56 12.14 12.14 11.57 11.85 11.97 10.21 8.91 9.47 7.20 2.56 0.04 0.98 3.72 6.83 9.73 11.13 10.92 11.42 13.07 14.43 16.43 18.71 19.60 20.46 22.61 24.05 26.82 24.49 28.35 30.17 31.22 33.13 32.83 31.48 30.61 28.39 28.14 27.43 25.64 23.86 18.96 16.24 14.36 13.59 11.88 11.42 11.53 15.47 16.84 21.43 23.74 23.59 23.91 19.98 7.49 4.03 0.00 0.00 0.00 0.00 0.04 0.28 0.37 0.11 0.04 0.05 0.18 0.38 0.66 1.04 2.30 4.11 4.25 7.07 4.60 1.91 1.62 1.39
10.21 10.71 11.19 11.55 11.91 11.20 10.57 10.57 10.17 7.31 6.01 8.18 7.28 2.61 1.03 4.25 6.99 9.27 10.69 10.52 11.06 12.30 13.96 15.76 17.76 19.90 20.97 21.90 24.23 26.49 23.28 19.91 24.68 28.44 30.69 32.61 33.44 33.28 31.49 29.27 26.30 25.61 28.50 28.14 25.85 23.13 20.10 17.63 14.45 13.49 13.20 17.25 22.39 27.29 32.49 33.02 33.54 19.97 5.63 2.75 0.00 0.00 0.00 0.00 0.04 0.19 0.26 0.22 0.16 0.04 0.12 0.34 0.62 0.93 2.23 4.08 4.23 3.67 2.33 0.49 0.21 0.20
10.14 10.60 11.07 11.33 11.58 10.79 9.14 9.12 8.99 7.85 6.55 8.39 7.10 3.81 1.75 1.94 6.15 9.38 10.21 10.59 11.71 12.65 14.48 16.34 15.27 17.19 18.28 19.12 21.68 23.98 19.84 22.29 24.10 28.35 30.08 32.00 30.87 26.79 33.35 31.13 23.71 15.03 22.87 30.94 29.55 28.50 26.28 23.16 21.83 21.77 21.51 25.56 28.38 33.36 35.66 37.01 37.49 22.24 21.09 18.19 12.50 6.56 5.30 1.49 1.53 1.27 0.18 0.21 0.14 0.04 0.03 0.19 0.60 0.99 2.29 3.78 3.73 2.49 1.98 0.28 0.06 0.06
10.04 10.49 10.93 11.17 11.26 9.27 7.61 7.46 7.33 7.24 7.35 8.16 8.32 8.04 5.98 1.78 2.84 7.94 10.32 11.19 12.00 12.74 14.57 16.80 15.80 14.04 14.76 15.58 18.17 20.73 23.47 26.30 27.24 28.47 29.98 29.24 17.87 13.79 26.83 28.50 10.75 7.22 23.43 31.50 31.75 31.64 31.49 31.11 31.11 31.05 30.97 32.63 34.54 36.30 37.78 39.19 40.49 39.77 39.56 34.30 28.61 20.34 13.02 7.13 2.85 1.12 0.03 0.11 0.11 0.04 0.03 0.08 0.44 1.00 1.99 3.20 2.46 0.83 0.32 0.12 0.06 0.13
9.68 10.14 10.61 10.85 10.90 9.40 7.73 6.79 3.67 4.70 7.74 8.58 9.36 9.68 9.54 7.48 8.15 10.37 11.20 12.30 12.81 13.43 15.26 16.16 14.84 14.67 15.46 16.29 18.88 11.17 22.24 25.14 26.91 27.94 29.40 30.57 28.24 24.16 33.37 34.53 27.73 24.91 33.36 33.33 33.27 33.04 32.95 33.09 33.16 33.10 33.54 22.39 21.60 30.51 32.83 34.24 42.48 43.60 43.46 40.53 34.84 26.76 19.57 12.67 7.97 5.47 2.82 1.74 0.07 0.04 0.03 0.05 0.37 1.09 1.54 2.43 1.63 0.91 1.20 1.13 1.15 2.03
9.12 9.80 10.28 10.49 10.57 9.15 7.27 3.18 1.23 5.27 8.16 9.01 9.55 10.29 10.72 10.75 10.97 10.86 11.72 13.20 13.92 14.25 14.66 15.15 15.36 15.50 16.30 17.19 9.81 1.84 13.39 23.66 25.55 27.34 28.57 29.74 30.73 31.82 33.21 34.37 35.15 34.92 34.61 34.29 33.95 34.43 34.38 34.55 34.78 35.30 35.90 25.43 11.21 17.90 27.94 35.82 44.33 45.50 46.43 43.80 40.61 33.44 26.26 19.01 12.67 8.51 4.79 1.88 0.08 0.08 0.08 0.08 0.43 1.25 1.70 1.94 1.74 1.33 1.62 2.12 3.23 4.22
4.22 8.87 9.77 9.98 10.05 9.14 7.27 4.39 5.36 6.39 5.29 9.65 8.05 4.54 4.97 6.30 9.15 10.92 12.07 13.79 14.50 15.12 14.85 14.98 15.19 15.39 16.20 17.06 18.39 11.49 21.60 23.20 25.05 26.70 28.17 29.34 30.35 31.39 32.51 33.67 34.69 29.68 21.56 21.23 30.28 36.28 36.57 37.04 37.38 38.10 38.80 39.81 29.66 36.35 37.03 37.86 45.41 46.53 47.14 46.02 43.04 37.80 30.62 24.05 18.67 13.34 9.63 6.51 3.56 2.02 2.02 1.86 0.81 0.42 0.87 0.92 1.12 0.95 1.25 5.81 7.40 8.77
0.74 5.22 9.25 9.41 9.48 8.59 8.05 8.04 7.04 2.93 1.63 7.19 8.50 2.94 1.63 3.90 5.35 8.75 12.19 14.19 15.33 16.02 15.76 15.14 15.20 15.41 16.09 16.94 18.28 19.62 21.23 22.81 24.50 26.05 27.54 28.93 29.97 31.07 32.11 33.21 34.44 29.44 16.48 17.53 31.91 38.18 38.61 39.12 39.62 40.43 41.33 42.37 43.49 44.10 44.68 45.51 46.34 47.06 47.67 46.58 45.45 40.39 35.63 30.37 24.99 19.31 14.39 11.06 7.97 5.53 4.16 3.90 2.85 1.20 0.62 0.62 0.20 0.48 4.39 9.36 11.20 12.25
4.80 8.44 8.67 8.69 8.73 8.14 8.23 8.74 7.74 5.70 5.85 6.47 7.78 5.24 5.95 6.60 4.38 3.03 9.27 14.73 15.87 16.66 16.42 15.98 15.99 16.18 16.33 16.99 18.30 19.54 21.42 23.04 24.62 25.90 26.99 28.37 29.61 30.94 32.04 33.13 34.17 29.17 25.51 26.47 32.15 38.43 39.08 39.64 40.28 41.12 41.80 42.82 43.50 44.19 44.80 45.61 46.30 46.81 47.39 46.51 45.91 43.92 39.37 36.35 30.97 25.22 20.14 16.46 13.09 9.93 8.53 8.21 7.16 5.60 5.04 1.27 0.20 0.29 4.18 8.51 9.93 5.79
7.73 7.99 7.21 7.23 8.28 8.41 8.50 9.01 9.21 9.56 9.71 9.40 8.91 8.33 7.96 7.84 7.42 3.29 6.48 14.66 16.39 17.19 17.09 16.70 16.90 17.00 17.23 17.38 18.56 19.78 21.43 23.26 24.58 25.83 26.91 28.07 29.53 30.90 32.05 33.16 34.15 35.15 36.19 37.15 38.04 38.75 39.45 40.12 40.78 41.45 42.12 42.80 43.48 44.17 44.85 45.54 46.24 46.75 47.22 46.92 46.31 44.33 37.92 35.04 37.74 31.94 26.33 22.56 20.05 16.62 13.10 12.76 11.73 10.19 6.90 2.53 2.45 2.53 5.91 9.96 7.30 3.17
7.71 6.78 2.90 4.30 7.98 8.88 9.11 9.53 9.62 9.01 9.14 8.49 7.81 7.41 7.03 7.67 9.37 10.05 13.23 15.59 16.62 17.32 17.28 17.81 17.98 17.86 18.40 18.73 19.93 21.16 21.99 23.57 24.82 25.96 27.11 28.36 29.64 31.00 32.21 33.35 34.45 35.46 36.35 37.31 38.00 38.65 39.32 39.99 40.66 41.32 42.00 42.68 43.36 44.04 44.72 45.41 46.10 46.59 47.02 47.12 46.59 36.30 20.12 28.89 42.19 41.48 35.61 29.85 28.23 28.67 23.38 17.88 16.85 15.50 12.23 13.44 13.21 12.73 15.80 16.88 16.02 13.06
7.75 5.35 1.47 4.34 8.02 8.92 9.51 9.71 9.80 9.18 8.36 7.51 7.09 6.70 6.88 7.74 9.92 12.40 14.23 16.04 17.07 17.74 18.52 19.05 19.05 19.00 19.59 20.14 21.07 22.32 23.15 23.96 25.05 26.19 27.40 28.71 30.02 31.29 32.53 33.71 34.86 35.74 36.59 37.27 37.92 38.56 39.21 39.86 40.53 41.20 41.87 42.55 43.23 43.91 44.59 45.28 45.96 46.49 46.92 47.02 47.32 31.35 19.84 38.68 46.27 45.79 42.61 36.62 33.22 34.49 33.53 26.34 22.48 21.15 22.04 23.37 22.26 21.74 22.94 24.02 21.84 20.64
7.89 8.14 5.91 6.21 8.72 9.49 9.96 9.53 9.50 8.49 7.46 6.82 6.44 6.79 6.97 9.05 11.43 13.67 15.35 16.77 17.85 19.05 19.91 20.57 20.65 20.86 21.36 21.70 22.13 23.05 23.84 24.58 25.51 26.60 27.72 29.01 30.57 31.87 33.08 34.25 35.07 35.86 36.52 37.17 37.80 38.44 39.08 39.73 40.39 41.06 41.73 42.41 43.09 43.78 44.46 45.14 45.83 46.50 47.01 47.31 47.84 48.41 41.02 48.47 49.19 49.70 46.54 38.46 34.92 34.79 34.80 32.65 28.78 28.75 29.51 27.99 27.34 30.08 30.95 31.61 27.38 24.21
7.93 8.18 8.46 8.76 9.09 9.74 9.24 7.69 7.07 5.87 6.81 6.25 6.00 6.37 8.25 10.52 12.59 14.82 16.49 17.78 18.68 19.88 20.74 21.46 22.02 22.23 22.70 23.04 23.47 23.99 24.72 25.47 26.44 26.76 26.78 28.00 29.56 32.25 33.37 34.35 35.08 35.78 36.41 37.04 37.67 38.31 38.96 39.60 40.26 40.92 41.59 42.27 42.95 43.64 44.32 45.00 45.68 46.37 47.04 47.63 48.16 48.73 49.37 50.16 50.89 51.40 48.92 40.82 39.74 39.49 38.61 37.35 37.69 37.67 36.56 35.03 35.04 37.78 38.65 38.54 33.96 30.15
7.83 8.12 8.44 8.73 9.05 9.39 8.69 3.90 2.10 3.97 5.97 6.03 5.87 7.61 9.67 11.92 13.95 15.81 17.48 18.69 19.42 20.05 20.89 21.54 22.33 22.94 23.56 24.09 24.60 25.21 25.94 26.70 27.75 28.11 25.14 25.21 29.19 32.78 33.42 34.32 34.95 35.64 36.28 36.91 37.55 38.19 38.83 39.47 40.11 40.77 41.44 42.12 42.81 43.49 44.17 44.85 45.52 46.23 46.91 47.61 48.20 48.84 49.52 50.20 50.90 51.56 49.12 48.46 48.63 48.08 47.19 47.19 47.64 48.34 47.16 45.38 44.41 44.61 45.01 43.74 40.56 39.27
7.64 8.03 8.35 8.63 8.59 8.41 7.71 2.92 1.33 3.38 5.83 6.20 6.97 8.87 10.98 12.83 10.92 12.53 12.63 13.84 14.32 14.79 15.39 16.57 17.69 22.22 24.06 24.89 22.06 22.78 27.05 27.81 28.86 22.50 19.54 25.81 29.40 32.98 33.61 34.25 34.88 35.51 36.14 29.77 30.22 30.85 33.89 39.33 39.97 40.64 41.30 41.98 42.67 43.35 44.01 44.69 45.37 46.07 46.78 47.48 48.17 48.85 49.52 50.21 50.89 51.59 52.21 52.68 52.84 52.30 52.66 52.73 53.44 54.24 54.53 52.69 51.63 50.92 49.33 48.05 46.77 45.81
