Viento/D/solar_swdown_24h.asc
ncols 1189
nrows 618
xllcorner -129.71441650390625
yllcorner 4.956306457519531
cellsize 0.05
NODATA_value -999
[rows 216 to 251 of 618, columns 984 to 1065 of 1189]
105.45 83.15 84.94 117.73 121.41 115.44 70.26 72.97 47.40 46.13 51.20 49.36 50.09 51.91 49.82 49.22 49.60 47.88 45.72 45.87 46.62 45.55 49.31 54.15 58.26 64.25 64.58 62.30 34.73 6.48 9.17 10.08 11.23 11.70 28.72 35.40 55.11 57.24 63.37 68.11 66.85 67.44 69.82 73.13 76.85 80.43 84.31 88.47 93.46 101.65 111.52 120.51 127.85 130.87 131.62 131.67 132.74 132.47 129.08 121.55 113.39 106.30 105.65 105.19 104.73 103.56 102.04 99.14 98.81 98.78 97.79 100.37 106.73 114.52 121.80 130.44 131.35 140.02 156.97 156.51 161.41 191.01
58.61 59.26 62.61 97.97 127.67 85.50 33.43 29.82 34.32 43.16 42.49 42.18 42.91 45.32 47.23 48.58 48.96 48.43 48.08 47.10 45.93 44.58 46.83 51.62 56.76 62.75 63.08 56.88 44.54 16.29 18.98 19.33 11.88 8.89 11.45 18.12 39.23 55.32 63.57 69.05 68.01 68.37 70.55 72.99 76.43 79.15 82.84 86.85 91.01 98.37 108.29 116.45 125.18 127.24 128.00 126.64 126.63 126.36 126.77 121.36 113.89 107.73 101.60 100.86 100.76 101.25 101.17 100.07 100.02 100.77 97.43 100.98 107.34 115.92 129.94 136.82 135.79 149.93 169.35 168.70 173.60 178.68
54.05 56.60 62.72 104.06 137.21 136.52 102.37 63.11 56.48 51.72 44.08 41.43 41.88 43.31 45.08 47.45 47.86 49.55 49.18 47.49 46.04 42.94 44.69 48.64 52.89 57.71 50.14 27.87 45.69 41.29 42.94 42.04 23.58 15.56 17.87 24.46 43.99 59.23 65.51 70.78 71.43 71.89 73.00 75.24 76.87 79.17 82.10 86.04 89.78 96.18 104.36 111.31 118.38 120.67 121.68 117.67 115.47 115.91 117.19 120.21 116.81 114.74 110.06 107.62 107.10 108.11 108.11 107.74 107.91 93.57 87.05 90.22 97.61 124.86 135.53 109.49 117.81 175.17 204.03 217.14 220.81 223.09
55.46 60.15 80.53 107.75 145.21 144.52 132.93 93.67 47.38 42.15 34.51 31.86 31.30 32.63 34.41 37.16 40.76 44.53 48.84 47.43 46.48 43.38 44.58 48.16 37.50 41.62 22.85 21.11 33.61 53.90 54.52 54.21 35.74 30.18 32.48 46.45 70.21 85.39 91.61 95.86 95.75 77.08 76.26 76.46 77.87 79.73 82.51 85.91 89.58 95.93 102.16 105.15 111.28 114.24 115.43 111.46 107.76 98.36 101.29 117.54 119.86 117.79 116.19 140.14 138.66 139.67 127.38 122.51 117.57 102.58 87.31 88.50 105.13 132.42 126.16 112.32 134.59 191.95 220.81 238.47 223.09 225.38
61.91 84.45 114.26 131.07 151.91 144.55 131.12 65.59 14.53 17.30 15.59 13.82 13.28 14.79 17.34 22.96 29.78 42.79 47.69 47.50 46.67 45.50 46.67 49.35 33.80 15.77 21.43 37.47 45.60 56.09 57.47 57.47 52.92 51.49 61.77 77.32 109.07 130.41 136.51 137.28 112.05 93.38 83.35 80.58 79.95 81.36 83.40 86.62 90.16 94.92 99.13 101.27 103.23 106.64 109.31 106.15 102.93 86.51 77.01 104.92 123.01 100.57 94.58 159.69 190.98 181.25 168.37 149.60 138.14 126.66 112.60 97.85 110.76 138.18 148.30 163.17 181.61 201.60 227.09 241.26 217.92 192.14
107.45 89.15 118.96 135.77 85.09 77.05 68.32 7.91 7.06 6.95 8.65 7.48 6.94 8.45 9.90 13.70 16.41 24.76 29.90 29.65 30.25 29.55 31.16 46.70 34.87 24.30 9.92 25.83 33.95 58.74 58.45 59.87 59.05 57.53 61.80 77.35 105.10 111.90 118.75 123.09 108.44 89.77 82.27 80.33 80.45 82.07 84.36 84.74 87.29 91.45 95.69 96.94 98.42 97.94 100.82 108.96 105.74 89.32 78.36 106.05 117.64 164.78 158.80 206.42 163.25 147.40 145.20 142.51 126.79 101.23 68.19 80.37 104.21 124.64 152.89 171.11 189.55 209.64 225.18 241.07 244.84 215.39
160.11 137.94 114.65 57.94 5.33 8.00 10.14 9.56 8.70 6.96 4.40 3.68 3.84 5.35 7.09 8.46 10.02 9.97 8.60 8.18 8.70 9.72 25.00 46.91 46.94 39.83 25.45 9.95 33.91 61.08 60.57 59.99 59.49 59.27 60.96 63.58 70.68 78.42 87.77 92.16 87.65 83.68 80.42 79.64 80.70 82.77 85.31 85.77 84.95 87.53 91.94 93.24 93.67 93.08 92.26 100.70 109.98 96.57 83.05 84.94 97.48 170.44 217.52 165.45 121.80 101.78 93.56 105.48 95.40 44.86 38.70 86.42 110.26 115.30 135.02 163.75 186.48 206.63 223.78 240.37 241.43 242.78
106.84 105.72 86.90 85.93 39.99 36.93 38.77 38.09 37.02 23.75 4.37 4.17 4.91 6.62 11.01 16.73 28.28 41.54 26.32 11.64 12.16 9.81 12.22 26.82 48.23 50.97 37.94 38.95 32.13 52.17 53.98 53.72 52.85 51.58 54.06 56.82 56.37 64.12 69.67 72.41 74.86 70.88 72.36 74.92 78.56 82.00 85.96 86.99 87.53 84.18 84.54 85.84 87.18 86.87 88.87 93.19 101.43 88.60 76.94 52.43 64.94 159.67 206.91 150.18 99.02 86.79 88.22 98.35 123.47 144.30 100.54 93.00 116.84 134.94 147.06 164.30 187.03 201.81 217.87 234.22 185.85 168.49
66.14 65.02 56.67 56.72 55.56 52.49 56.00 58.94 59.51 34.65 15.58 15.86 7.16 8.99 13.39 20.98 46.14 67.26 60.81 34.85 27.04 24.19 20.60 24.98 42.84 59.75 60.26 60.26 55.53 48.27 50.08 51.42 49.63 47.60 50.28 53.28 52.31 52.08 53.90 55.97 60.35 64.60 68.67 73.28 77.94 82.41 86.76 89.92 90.72 87.73 82.76 81.71 83.05 84.96 86.94 91.25 101.51 106.50 92.08 57.15 48.90 143.64 194.17 134.16 87.39 83.23 83.57 92.32 110.23 158.10 160.91 124.23 120.34 142.26 171.33 177.07 153.15 167.43 179.38 195.73 181.93 121.36
57.05 44.98 19.96 22.49 22.70 23.58 30.68 54.84 61.70 66.97 53.82 77.94 75.03 16.16 18.13 20.58 52.67 109.08 100.51 44.50 49.34 76.48 65.02 56.30 67.38 64.63 63.73 60.73 60.62 56.90 58.41 59.37 57.55 55.48 52.22 53.34 53.36 53.34 55.10 57.05 59.36 63.50 67.03 71.78 77.69 82.37 90.28 93.76 95.76 92.82 88.11 85.42 84.58 86.46 88.37 100.29 123.37 162.15 168.48 102.02 79.18 139.23 163.03 129.01 88.27 84.16 84.53 88.64 103.26 133.87 134.61 86.97 85.45 161.29 188.51 152.58 100.21 61.91 68.16 76.48 120.64 123.04
54.68 28.25 3.22 5.75 7.08 9.32 16.42 40.58 53.58 50.71 63.65 94.18 119.24 61.36 52.04 55.08 87.17 128.49 100.22 44.20 49.04 82.04 78.13 68.60 68.23 65.48 62.51 61.43 61.55 62.56 63.19 62.54 50.42 48.35 45.09 55.34 55.36 57.24 59.97 61.92 64.21 63.61 66.15 70.91 76.39 80.78 88.67 92.78 96.20 94.78 94.83 96.97 94.84 96.17 98.49 120.05 143.92 176.97 208.87 142.40 107.71 109.32 133.11 99.10 90.04 86.52 84.96 88.12 101.84 132.33 124.20 81.05 107.46 182.81 173.45 137.51 149.43 90.04 79.40 65.21 100.66 129.14
60.01 32.10 4.11 5.28 6.03 6.68 11.92 33.97 46.54 28.60 33.83 112.28 143.79 119.74 110.43 119.53 123.14 71.03 42.84 31.57 35.83 60.56 63.14 62.00 62.39 62.77 62.08 62.76 63.97 65.62 65.83 64.51 42.32 27.98 44.50 59.06 59.70 61.66 66.78 69.90 70.85 70.25 67.59 69.92 72.47 76.85 82.61 88.38 95.15 99.78 108.04 110.87 111.85 113.67 116.38 138.87 163.32 192.32 217.47 191.36 170.45 125.99 104.28 96.80 91.57 89.36 88.42 90.22 103.94 134.20 135.08 124.05 150.47 206.36 193.37 132.10 155.54 204.32 171.43 132.82 143.18 150.39
62.04 33.79 4.99 6.14 6.89 7.53 7.43 12.89 29.66 22.84 11.96 50.36 90.47 74.47 80.26 85.89 84.17 48.57 20.38 16.48 17.03 36.76 56.37 57.58 57.97 56.00 63.99 64.66 64.99 66.64 67.00 65.43 43.25 40.47 45.16 59.86 60.65 61.98 64.63 68.25 68.83 67.49 55.84 43.12 58.39 75.60 80.97 88.24 95.39 103.22 111.77 112.62 113.77 116.29 132.83 164.14 188.59 217.59 207.10 173.01 152.11 109.71 102.38 99.49 94.27 92.28 96.10 103.57 122.53 158.22 168.29 165.24 150.27 180.12 162.20 158.69 207.24 166.69 139.28 103.21 185.88 194.05
62.52 35.09 6.32 7.55 8.24 8.50 8.40 6.45 5.00 5.05 6.70 12.02 16.48 19.62 21.39 21.02 19.30 16.31 16.98 20.23 20.79 19.93 32.76 50.45 51.42 48.36 56.50 66.35 66.90 67.07 67.45 67.56 64.52 61.90 60.66 60.03 61.59 62.84 63.57 63.65 63.30 51.70 23.58 25.93 58.51 74.62 79.59 86.79 95.34 104.01 112.73 113.61 112.29 129.44 149.96 181.89 214.21 202.12 189.10 150.39 115.73 106.74 99.64 98.67 97.66 96.56 99.53 112.58 139.53 182.33 207.77 216.16 201.86 168.50 183.51 226.93 171.87 75.88 50.39 43.36 129.09 234.61
53.79 54.75 31.04 27.54 8.20 8.72 8.62 6.70 5.66 7.12 8.77 13.10 16.38 19.60 25.35 31.28 29.56 38.73 36.60 30.81 31.37 39.91 55.57 60.17 62.38 60.91 68.46 67.73 67.38 67.45 67.91 68.35 66.63 68.57 70.59 69.96 70.02 68.71 67.98 62.92 55.34 58.93 56.12 58.47 70.61 72.73 75.83 80.52 87.17 95.84 106.46 107.76 116.27 118.05 133.33 161.33 159.30 148.59 144.17 142.32 109.55 104.02 105.27 104.71 103.71 82.34 57.75 109.99 178.05 145.38 155.50 225.28 229.44 215.15 230.16 238.76 171.78 161.81 156.60 157.14 156.27 232.37
47.46 48.44 49.80 35.05 15.72 16.23 18.84 17.91 16.87 18.52 22.09 25.40 40.41 43.66 46.62 55.62 67.35 81.66 57.91 44.16 39.37 49.66 54.18 57.55 59.75 65.41 66.58 65.85 65.49 67.51 68.30 69.14 71.04 74.39 76.53 77.02 74.00 71.82 69.50 67.54 57.62 55.77 64.56 58.81 61.76 63.89 65.41 76.86 81.39 90.42 100.61 107.85 115.17 115.41 115.94 114.81 112.78 108.19 106.19 104.34 105.70 108.17 109.42 108.90 118.37 74.18 57.24 143.47 159.43 77.70 82.84 188.96 236.17 237.01 237.84 238.67 239.50 240.38 241.26 241.39 227.47 226.27
48.04 49.39 51.38 55.13 44.82 47.68 52.67 58.49 59.12 64.20 69.83 85.84 108.76 136.36 137.90 137.55 149.28 90.18 56.99 53.56 36.68 22.16 25.53 27.20 35.54 62.08 59.75 55.92 58.78 66.62 67.51 68.40 72.93 79.08 86.06 90.54 74.81 70.43 68.10 66.96 67.95 66.32 42.75 28.30 27.63 29.74 30.50 52.21 78.01 85.50 87.09 91.83 90.04 90.21 90.57 91.05 90.17 89.39 92.92 94.74 100.20 107.06 109.56 117.71 132.94 154.90 140.95 164.66 178.53 173.14 176.64 188.87 236.08 236.93 237.77 238.60 239.38 240.19 239.75 234.72 197.15 173.01
51.40 53.48 55.68 58.30 61.86 65.27 70.26 76.07 77.74 82.37 93.11 113.23 121.83 147.34 162.23 163.81 153.71 92.27 64.74 60.24 53.85 29.92 24.17 24.95 46.26 61.77 55.91 52.37 44.11 51.96 52.85 67.78 75.48 82.83 93.02 97.79 83.27 71.43 69.10 67.43 68.41 69.64 45.30 32.86 31.87 31.81 25.80 38.09 71.43 82.11 71.58 62.97 61.18 61.23 76.01 78.78 80.45 84.97 89.33 97.14 102.57 109.34 117.39 130.03 137.33 150.39 172.97 196.69 219.89 230.66 234.16 235.05 208.44 209.28 210.12 223.36 239.10 237.22 211.03 206.00 192.98 149.29
57.99 60.39 62.80 64.40 66.63 68.33 71.60 72.86 73.39 73.63 81.41 83.62 90.82 106.40 124.49 164.03 153.93 97.12 68.64 60.00 56.03 54.22 48.55 49.71 57.44 57.44 55.42 55.26 35.85 23.52 42.13 66.19 74.87 83.25 92.59 97.13 85.10 74.82 71.52 69.73 70.20 71.42 73.62 67.55 70.38 60.71 26.04 38.90 78.15 73.23 38.33 29.86 28.59 45.99 76.85 81.01 83.68 88.70 93.77 104.34 112.85 119.50 127.45 142.12 149.81 138.88 148.43 156.60 179.29 222.14 233.91 234.61 207.43 158.30 172.11 222.87 235.16 227.62 193.07 155.26 155.38 147.62
57.33 61.70 64.11 65.72 72.21 81.29 82.82 82.97 75.10 73.85 67.52 73.01 80.22 91.91 100.69 132.86 122.76 70.37 51.13 44.30 40.33 38.44 38.70 38.45 40.55 40.58 40.44 56.39 38.32 36.19 43.54 67.61 76.28 86.13 84.77 89.30 78.21 74.42 69.44 67.19 67.29 68.51 70.11 71.68 74.71 77.62 51.79 43.67 77.48 63.83 50.31 49.62 47.53 47.06 77.92 82.70 83.91 88.92 93.46 103.85 113.88 120.53 129.37 146.01 153.70 149.19 171.28 179.17 201.86 232.44 233.69 230.89 192.41 140.09 153.89 178.09 172.41 184.59 191.19 150.29 144.46 150.39
54.13 58.80 63.39 69.84 76.81 88.79 97.16 86.81 76.20 63.32 57.00 65.69 71.48 71.80 80.58 99.92 86.01 40.37 21.13 20.58 18.76 16.56 15.15 13.95 16.06 19.00 37.33 58.71 61.33 63.32 66.19 70.31 83.29 93.31 86.51 80.79 78.12 74.33 67.79 63.55 63.18 63.16 63.46 65.29 68.65 71.57 74.15 78.41 85.03 87.64 88.76 87.03 84.48 82.54 80.71 82.22 83.08 87.08 91.49 101.82 111.64 118.14 126.97 144.80 164.87 194.70 216.78 224.34 230.51 232.29 229.15 220.40 181.91 120.02 97.91 96.60 113.88 140.30 146.91 147.61 153.05 160.85
46.56 52.22 59.61 65.40 72.34 82.87 85.74 74.09 67.82 71.67 65.34 74.52 80.75 80.32 79.60 86.74 90.00 63.08 43.84 41.21 40.63 39.71 38.25 39.89 42.65 17.49 14.30 31.46 34.59 35.86 41.49 62.25 77.05 100.45 132.23 126.34 116.52 98.62 82.10 63.15 63.11 62.69 62.49 64.33 67.99 69.23 70.20 75.38 72.60 77.61 81.60 79.84 51.05 44.98 77.69 80.06 80.78 84.46 86.82 95.58 97.99 99.08 98.30 76.03 97.19 115.11 118.58 149.03 181.20 182.57 179.20 164.77 122.32 149.81 174.03 173.19 191.31 196.91 198.06 198.86 205.54 206.62
42.75 50.75 56.22 62.01 65.12 69.81 72.68 60.90 56.68 63.80 69.22 78.99 85.26 84.11 82.68 82.49 76.29 64.42 60.65 57.23 56.65 57.56 59.56 61.63 40.43 13.57 10.19 10.64 16.97 18.30 37.02 56.80 74.90 98.29 133.44 162.83 141.15 115.30 85.59 63.66 63.75 63.60 63.12 62.99 66.81 68.06 67.38 64.06 58.67 63.48 72.66 50.38 22.76 44.68 77.59 80.13 80.02 81.81 83.64 86.32 89.65 90.35 86.13 57.47 55.06 56.35 62.23 116.71 148.87 150.04 139.10 121.33 150.37 216.27 225.98 225.74 237.07 238.72 239.84 240.85 224.55 225.51
50.40 55.53 54.89 57.07 54.37 52.87 54.03 49.79 52.73 57.31 60.39 63.47 69.93 71.19 69.11 66.23 60.02 56.87 56.21 55.71 55.19 57.10 59.10 60.90 40.08 14.98 10.36 9.91 31.66 41.51 50.91 66.84 67.36 85.58 104.81 118.34 158.24 138.82 103.90 80.16 67.98 67.82 65.66 63.47 62.58 63.83 64.15 61.18 56.18 60.56 69.21 53.79 60.52 63.42 81.82 84.88 85.07 86.80 88.52 93.03 98.84 102.16 100.67 99.23 120.17 153.12 153.81 150.02 182.19 149.53 134.59 141.39 170.43 176.95 176.74 123.34 176.42 238.91 239.96 240.90 179.84 144.96
42.51 42.17 41.35 38.53 48.40 47.77 46.77 48.44 49.18 51.59 54.68 57.75 58.42 59.65 58.97 55.76 55.73 53.40 52.74 53.22 53.23 55.14 58.02 59.82 53.53 28.43 23.80 23.52 33.78 56.81 66.21 70.12 70.64 70.79 75.80 83.07 115.26 133.42 98.50 116.11 103.50 75.10 71.49 65.03 63.14 62.54 62.32 60.92 56.10 60.65 67.94 73.79 80.53 83.43 86.80 87.76 90.03 92.90 94.69 100.13 106.61 112.21 120.23 138.26 158.85 191.53 211.28 206.28 208.20 170.92 155.98 166.97 168.07 171.96 139.76 96.78 118.08 216.72 240.00 240.58 179.36 131.07
13.30 13.44 13.27 27.47 47.81 48.50 48.58 49.20 49.59 50.03 52.19 52.72 53.03 53.19 52.58 52.60 52.63 52.66 52.09 52.30 51.87 51.30 54.68 58.30 60.33 56.62 53.47 54.81 54.58 62.44 65.39 65.12 64.56 64.18 67.10 73.00 84.46 92.27 142.92 173.49 135.98 105.66 84.80 75.44 64.87 62.59 58.70 58.25 59.32 62.52 67.18 72.77 78.80 83.08 88.03 90.93 94.92 99.04 102.28 106.12 111.16 115.08 122.46 144.79 167.65 199.34 218.72 223.18 225.97 226.41 216.70 217.67 218.56 219.40 202.59 203.52 204.38 216.58 239.47 239.45 208.32 196.21
5.04 5.27 5.64 27.76 48.10 48.79 49.26 50.26 50.65 51.19 53.28 54.27 54.61 54.79 54.88 54.72 54.40 54.11 53.83 53.99 55.26 54.74 56.21 60.11 62.56 64.12 64.77 66.11 65.88 43.44 43.11 43.18 42.22 50.02 66.03 69.45 77.60 101.88 153.91 180.78 171.10 140.78 117.69 97.53 84.33 66.99 60.95 60.49 59.05 59.58 64.17 69.76 75.30 80.07 85.02 89.08 91.99 69.41 75.54 100.39 105.32 113.94 121.32 144.26 186.82 216.77 225.72 228.68 231.31 231.63 232.01 232.80 233.70 234.43 235.58 236.57 237.43 206.51 199.45 199.42 189.23 170.52
6.59 6.41 6.68 28.71 48.79 49.02 49.45 50.90 52.28 54.55 56.64 58.34 59.36 59.59 59.46 58.78 58.04 57.08 56.74 56.82 58.09 59.99 61.95 64.25 65.93 67.16 67.71 68.18 42.86 13.18 13.41 13.58 19.11 27.59 52.41 70.93 76.11 89.87 112.37 139.24 173.85 174.94 145.12 121.58 102.81 85.47 69.20 61.98 57.15 57.68 60.37 65.36 70.69 75.42 80.05 82.90 85.44 53.98 29.97 64.65 93.44 105.33 121.48 168.22 207.35 220.71 229.66 230.36 231.14 231.21 231.43 231.74 232.28 232.84 233.99 235.47 199.05 138.58 131.73 140.81 123.71 101.58
4.63 5.04 32.24 49.84 26.79 27.65 28.07 34.69 53.40 56.16 58.25 60.87 63.55 64.80 65.92 65.26 63.92 62.48 61.58 61.26 62.53 64.22 66.34 42.34 38.05 39.52 40.07 52.65 52.94 25.03 14.59 17.10 43.86 52.34 71.18 70.57 74.95 79.60 93.24 120.11 136.89 120.26 139.25 163.29 149.01 107.88 71.31 65.27 62.04 62.57 63.13 68.49 74.15 78.88 59.86 77.80 81.75 53.52 71.42 103.35 120.19 148.17 167.28 205.20 216.36 220.82 229.77 226.17 220.64 201.32 181.29 164.20 162.54 172.22 162.32 157.30 139.47 89.33 82.48 132.91 166.34 152.34
4.34 29.32 55.90 30.41 10.64 11.23 11.92 35.44 54.15 57.05 60.17 64.31 68.69 71.22 72.35 71.71 72.10 70.15 68.83 67.96 67.46 69.07 47.25 16.60 18.51 19.56 24.45 37.81 37.69 37.04 26.52 20.47 49.02 75.45 73.15 71.79 74.24 78.89 88.92 95.77 89.15 109.29 176.50 204.48 193.52 143.13 79.47 69.67 69.31 65.60 65.57 70.93 77.75 65.93 45.02 62.97 83.02 92.62 110.00 125.85 142.69 173.19 194.01 209.06 220.22 221.28 211.30 201.74 179.65 140.15 115.76 85.03 96.08 117.30 115.04 99.00 71.14 45.04 78.10 136.27 171.52 200.30
8.76 34.43 63.04 45.44 42.66 38.88 38.82 38.32 54.85 57.18 59.73 63.89 69.34 76.33 77.45 83.26 87.10 86.70 85.38 78.35 76.18 77.25 57.35 64.82 62.82 20.25 20.54 31.38 29.28 27.83 20.13 20.50 57.03 97.08 89.90 87.97 89.50 94.12 112.03 125.89 123.32 135.00 176.39 204.37 146.38 80.91 89.72 95.63 73.75 67.40 67.48 72.74 78.70 88.89 80.68 96.99 111.54 84.81 90.93 117.72 136.83 155.48 159.44 160.38 170.90 172.39 154.26 103.15 81.06 75.09 73.40 59.00 101.03 176.44 174.18 130.15 98.30 73.20 84.05 124.54 167.40 200.79
9.47 25.42 54.53 51.86 50.46 46.68 45.59 45.10 51.41 57.82 60.39 64.55 69.88 77.48 93.50 101.25 105.09 105.24 108.89 101.25 99.08 98.25 97.22 104.69 72.28 23.91 21.47 25.91 22.99 21.00 20.08 18.39 51.34 94.91 93.96 88.69 90.22 84.61 104.18 118.04 115.95 156.20 192.00 175.73 107.83 79.84 97.03 96.84 74.23 67.87 66.91 70.39 75.35 87.71 98.63 112.91 131.27 129.58 106.21 133.00 149.46 153.03 156.99 157.93 159.00 160.78 162.10 110.41 80.54 86.20 82.16 72.79 96.35 189.95 169.22 123.84 102.21 77.12 87.97 102.89 126.33 166.30
6.87 6.69 19.19 18.51 18.75 18.45 19.57 19.79 26.46 53.44 62.80 66.70 71.97 86.53 103.98 124.56 130.48 145.43 149.88 146.53 141.86 131.70 127.89 128.45 88.39 25.24 19.80 19.84 18.27 17.81 18.54 18.22 20.62 44.67 61.02 64.10 54.83 45.21 41.53 49.72 138.97 193.67 194.58 181.04 181.88 140.56 73.94 78.28 72.73 64.73 59.20 61.35 63.60 78.84 94.00 112.92 136.77 170.18 177.50 193.87 203.02 203.50 205.90 206.65 207.64 208.89 210.06 211.26 190.22 190.24 181.38 104.72 109.19 79.14 68.30 62.97 47.94 41.37 43.29 38.97 52.60 77.36
7.07 6.73 6.52 7.18 6.43 6.88 13.17 29.09 35.75 62.73 64.76 69.14 77.16 92.25 110.44 132.57 153.67 168.39 172.85 170.18 162.81 148.04 141.00 141.77 134.81 71.65 68.25 68.30 18.68 18.22 18.95 19.13 21.83 26.32 42.68 72.61 99.28 89.65 84.14 29.49 91.88 146.59 162.97 205.18 204.37 163.05 94.73 72.15 67.80 65.66 60.14 60.70 61.22 75.98 90.03 112.22 136.07 169.47 203.18 215.10 224.24 224.73 225.34 225.75 226.56 227.71 228.88 229.24 223.99 223.96 186.46 126.09 90.06 56.74 84.36 86.87 61.37 59.33 55.53 43.96 55.32 94.54
9.05 8.65 8.25 7.23 5.99 5.71 10.86 42.15 65.43 64.75 65.88 71.17 80.09 96.38 116.90 146.17 167.27 180.68 185.16 183.13 170.09 148.11 143.69 147.03 148.64 146.97 145.08 151.69 81.76 20.94 20.76 20.66 23.57 28.41 45.68 75.72 150.93 179.39 101.73 47.08 33.14 68.73 162.95 205.17 195.80 157.69 99.47 74.97 68.06 66.21 66.39 65.15 64.06 74.90 86.59 108.47 131.38 166.78 201.16 214.00 224.75 225.55 226.21 226.27 226.74 227.87 227.28 218.27 213.02 212.98 198.27 194.56 158.54 97.06 118.60 180.09 160.78 122.28 108.04 89.38 126.39 181.98
6.65 7.68 7.23 7.37 6.13 5.98 12.27 44.38 73.37 75.18 76.31 81.10 87.68 101.50 123.55 151.80 170.37 182.72 187.09 186.73 187.62 171.48 167.90 169.46 170.31 171.45 178.07 179.93 110.04 24.84 22.76 23.35 33.57 38.64 64.36 127.76 151.45 182.25 107.32 59.06 73.54 78.83 90.12 163.69 179.93 142.59 95.75 78.17 71.40 69.55 67.69 66.24 66.37 70.59 81.88 103.77 121.29 157.09 197.20 213.30 224.51 225.19 224.81 224.38 224.73 208.75 163.43 174.92 205.75 192.93 178.64 178.25 142.22 128.43 139.28 183.89 156.35 112.12 88.92 134.80 142.06 193.45
