Viento/D/solar_swdown_72h.asc
ncols 1189
nrows 618
xllcorner -129.71441650390625
yllcorner 4.956306457519531
cellsize 0.05
NODATA_value -999
[rows 468 to 503 of 618, columns 729 to 809 of 1189]
0.00 0.00 0.00 0.00 0.00 0.00 0.00 0.00 0.00 0.00 0.00 0.00 0.00 0.00 0.00 0.00 0.00 0.01 0.02 0.04 0.07 0.10 0.12 0.12 0.17 0.28 0.38 0.46 0.55 0.64 0.75 0.86 0.98 1.11 1.26 1.41 1.57 1.74 1.92 2.11 2.31 2.52 2.74 2.97 3.21 3.45 3.71 3.97 4.24 4.52 4.81 5.11 5.42 5.73 6.05 5.33 5.67 6.02 6.67 7.78 8.15 8.53 8.92 9.31 9.71 4.83 1.87 6.07 11.30 11.72 12.04 12.24 12.54 12.76 13.16 13.99 14.59 15.25 15.88 16.40 14.48
0.00 0.00 0.00 0.00 0.00 0.00 0.00 0.00 0.00 0.00 0.00 0.00 0.00 0.00 0.00 0.00 0.00 0.00 0.01 0.04 0.06 0.10 0.11 0.12 0.17 0.27 0.36 0.44 0.52 0.62 0.72 0.83 0.96 1.08 1.23 1.37 1.53 1.70 1.88 2.06 2.27 2.47 2.69 2.91 3.15 3.39 3.64 3.91 4.18 4.46 4.74 5.04 5.34 5.65 5.97 6.31 6.64 6.99 7.34 7.70 8.07 5.33 5.71 5.83 6.23 1.36 3.70 6.05 11.28 11.70 12.14 12.46 12.67 12.86 12.89 13.11 13.87 14.66 15.83 16.39 16.91
0.00 0.00 0.00 0.00 0.00 0.00 0.00 0.00 0.00 0.00 0.00 0.00 0.00 0.00 0.00 0.00 0.00 0.00 0.01 0.03 0.06 0.09 0.11 0.16 0.21 0.27 0.34 0.42 0.50 0.60 0.70 0.81 0.93 1.05 1.19 1.33 1.49 1.66 1.84 2.02 2.22 2.42 2.64 2.86 3.09 3.33 3.58 3.84 4.11 4.39 4.67 4.97 5.27 5.58 5.90 6.22 6.55 6.90 7.25 7.61 7.98 4.58 0.97 1.01 1.09 4.03 9.17 9.60 11.21 11.65 12.09 12.53 12.87 13.33 13.36 12.50 12.77 14.36 15.53 16.22 16.77
0.00 0.00 0.00 0.00 0.00 0.00 0.00 0.00 0.00 0.00 0.00 0.00 0.00 0.00 0.00 0.00 0.00 0.00 0.00 0.02 0.05 0.08 0.11 0.16 0.21 0.26 0.33 0.40 0.48 0.57 0.67 0.78 0.90 1.02 1.16 1.30 1.46 1.62 1.80 1.91 1.24 1.43 1.55 1.77 2.10 3.28 3.53 3.78 4.05 4.32 4.61 4.90 5.20 3.89 3.46 3.57 3.83 4.18 6.39 7.54 7.90 8.16 4.01 3.60 3.90 9.11 10.27 10.69 11.12 11.55 10.79 7.20 7.65 8.04 8.04 7.59 7.69 10.98 15.50 16.14 16.66
0.00 0.00 0.00 0.00 0.00 0.00 0.00 0.00 0.00 0.00 0.00 0.00 0.00 0.00 0.00 0.00 0.00 0.00 0.00 0.02 0.04 0.07 0.10 0.15 0.19 0.25 0.31 0.38 0.46 0.55 0.65 0.75 0.87 0.99 1.12 1.26 1.42 1.58 1.75 1.86 0.91 0.20 0.28 0.53 2.05 3.22 3.47 3.72 3.99 4.26 4.54 4.84 5.13 3.83 1.20 0.49 0.47 2.68 6.32 7.47 7.83 8.21 8.58 8.48 8.87 9.78 10.18 10.60 11.02 11.45 10.68 4.62 0.80 0.79 0.79 0.78 3.17 11.03 15.50 16.03 16.55
0.00 0.00 0.00 0.00 0.00 0.00 0.00 0.00 0.00 0.00 0.00 0.00 0.00 0.00 0.00 0.00 0.00 0.00 0.00 0.02 0.04 0.06 0.06 0.07 0.11 0.14 0.25 0.36 0.44 0.53 0.62 0.72 0.83 0.95 1.09 0.71 1.38 1.54 1.71 1.83 0.96 0.14 0.36 1.41 1.99 3.17 3.41 3.67 3.93 4.20 4.48 4.77 5.07 3.76 2.73 2.83 3.03 3.36 6.24 7.39 7.72 8.12 8.51 8.89 9.28 9.69 10.09 10.51 10.92 11.35 10.58 5.58 5.33 4.68 4.68 5.11 6.48 10.92 15.36 12.75 12.00
0.00 0.00 0.00 0.00 0.00 0.00 0.00 0.00 0.00 0.00 0.00 0.00 0.00 0.00 0.00 0.00 0.00 0.00 0.00 0.01 0.03 0.06 0.06 0.02 0.00 0.00 0.11 0.30 0.42 0.50 0.59 0.69 0.80 0.92 0.53 0.05 0.72 1.50 1.67 1.79 0.93 0.35 1.60 2.65 2.88 3.11 3.35 3.61 3.87 4.14 4.42 4.71 5.01 5.31 5.63 5.95 6.28 6.61 6.95 7.23 7.56 7.95 8.37 8.79 9.18 9.59 10.00 10.41 10.83 11.25 11.59 11.58 11.34 10.39 10.18 11.56 12.92 14.27 12.13 5.78 5.02
0.00 0.00 0.00 0.00 0.00 0.00 0.00 0.00 0.00 0.00 0.00 0.00 0.00 0.00 0.00 0.00 0.00 0.00 0.00 0.00 0.01 0.02 0.02 0.03 0.09 0.12 0.22 0.33 0.40 0.48 0.57 0.67 0.78 0.89 1.02 0.65 1.31 1.46 1.63 1.75 1.06 1.25 1.55 2.60 2.49 2.20 3.30 3.55 3.81 4.08 4.36 4.65 3.42 3.97 5.55 5.87 6.20 6.53 6.87 4.95 4.46 4.86 7.35 7.97 9.08 9.50 9.90 9.69 6.92 11.14 11.48 11.60 11.95 11.84 11.64 12.76 13.77 14.53 14.99 12.71 11.95
0.00 0.00 0.00 0.00 0.00 0.00 0.00 0.00 0.00 0.00 0.00 0.00 0.00 0.00 0.00 0.00 0.00 0.00 0.00 0.00 0.00 0.00 0.02 0.08 0.13 0.18 0.23 0.30 0.38 0.46 0.55 0.64 0.75 0.86 0.99 1.12 1.27 1.42 1.59 1.76 1.95 2.14 2.34 2.48 1.59 1.30 2.65 3.49 3.75 4.02 4.30 3.34 1.03 1.93 4.83 5.79 6.12 6.45 6.79 5.26 2.63 4.38 6.80 7.87 8.98 9.40 9.80 6.45 3.68 8.22 10.87 11.30 11.65 11.77 12.27 13.06 13.76 13.94 14.39 15.16 15.08
0.00 0.00 0.00 0.00 0.00 0.00 0.00 0.00 0.00 0.00 0.00 0.00 0.00 0.00 0.00 0.00 0.00 0.00 0.00 0.00 0.00 0.01 0.02 0.02 0.07 0.09 0.11 0.16 0.30 0.43 0.52 0.43 0.65 0.83 0.96 1.09 1.23 1.38 1.55 1.72 1.90 2.09 2.30 2.50 2.67 2.38 3.19 3.44 2.60 2.50 4.23 3.27 2.78 4.50 5.40 5.71 6.04 6.37 6.71 7.05 5.59 6.98 3.15 6.91 8.89 9.30 9.70 10.11 7.79 10.94 10.52 6.54 6.89 9.34 11.79 9.58 10.60 11.69 12.14 8.82 9.24
0.00 0.00 0.00 0.00 0.00 0.00 0.00 0.00 0.00 0.00 0.00 0.00 0.00 0.00 0.00 0.00 0.00 0.00 0.00 0.00 0.01 0.03 0.03 0.01 0.01 0.01 0.04 0.08 0.21 0.39 0.40 0.30 0.51 0.77 0.88 1.00 1.15 1.34 1.32 1.49 1.67 1.80 2.00 2.45 2.67 2.90 3.14 3.20 1.49 1.40 3.62 4.44 4.72 5.02 5.32 5.63 5.96 6.28 6.62 6.97 7.32 4.19 0.97 5.14 8.81 9.21 9.60 10.00 10.41 10.83 10.80 6.80 5.00 10.00 11.56 8.72 7.55 8.93 8.40 3.23 2.93
0.00 0.00 0.00 0.00 0.00 0.00 0.00 0.00 0.00 0.00 0.00 0.00 0.00 0.00 0.00 0.00 0.00 0.00 0.00 0.00 0.01 0.03 0.03 0.04 0.07 0.08 0.10 0.13 0.27 0.38 0.48 0.48 0.63 0.33 0.56 0.77 0.96 1.31 0.70 0.64 0.74 0.72 1.39 2.40 2.62 2.84 3.08 3.32 3.43 3.33 4.09 4.37 4.65 4.94 5.24 5.56 5.82 6.14 6.52 6.88 7.23 4.81 5.18 8.34 8.72 9.11 9.50 9.90 10.31 10.73 10.70 8.67 7.04 8.69 7.99 7.04 5.86 6.54 6.98 6.31 5.15
0.00 0.00 0.00 0.00 0.00 0.00 0.00 0.00 0.00 0.00 0.00 0.00 0.00 0.00 0.00 0.00 0.00 0.00 0.00 0.00 0.01 0.02 0.05 0.07 0.09 0.11 0.15 0.18 0.27 0.38 0.46 0.55 0.34 0.05 0.34 0.66 0.88 1.22 0.61 0.36 0.38 0.37 1.34 2.35 2.57 2.79 3.02 3.26 3.51 3.76 4.02 4.30 4.58 4.87 5.17 5.46 5.72 5.58 5.97 6.33 6.92 7.51 7.87 8.25 8.63 9.02 9.41 9.81 9.69 10.63 10.60 8.57 7.52 6.85 4.92 3.96 3.62 4.04 6.08 6.52 7.97
0.00 0.00 0.00 0.00 0.00 0.00 0.00 0.00 0.00 0.00 0.00 0.00 0.00 0.00 0.00 0.00 0.00 0.00 0.00 0.00 0.00 0.02 0.04 0.07 0.09 0.12 0.17 0.22 0.30 0.36 0.45 0.53 0.32 0.04 0.42 0.83 0.87 1.06 0.84 1.12 1.30 1.36 1.55 2.30 2.52 2.73 2.96 3.20 3.44 3.70 3.96 4.23 4.51 4.80 5.09 5.40 5.70 5.11 4.57 5.19 6.77 7.39 7.79 8.16 8.54 8.93 9.32 8.66 7.40 9.97 10.51 9.72 9.43 8.53 6.56 1.96 1.42 1.49 3.97 8.87 10.32
0.00 0.00 0.00 0.00 0.00 0.00 0.00 0.00 0.00 0.00 0.00 0.00 0.00 0.00 0.00 0.00 0.00 0.00 0.00 0.00 0.00 0.02 0.04 0.06 0.09 0.13 0.17 0.22 0.28 0.35 0.42 0.51 0.31 0.15 0.58 0.93 0.74 0.75 1.03 1.51 1.69 1.86 2.06 2.25 2.46 2.68 2.91 3.14 3.38 3.63 3.89 4.16 4.44 4.73 5.02 5.32 5.64 5.07 3.65 4.16 6.35 7.27 7.69 8.07 8.45 8.84 8.58 6.35 4.82 6.54 8.62 8.54 9.38 7.37 8.85 5.87 3.29 3.34 5.82 11.10 12.05
0.00 0.00 0.00 0.00 0.00 0.00 0.00 0.00 0.00 0.00 0.00 0.00 0.00 0.00 0.00 0.00 0.00 0.00 0.00 0.00 0.00 0.01 0.03 0.05 0.08 0.12 0.16 0.21 0.27 0.33 0.41 0.49 0.42 0.51 0.79 0.90 0.52 0.28 0.79 1.47 1.64 1.82 2.01 2.20 2.41 2.63 2.85 3.08 3.32 3.57 3.83 4.10 4.37 4.66 4.95 5.25 5.56 4.49 1.58 2.74 6.32 7.23 7.61 7.99 8.36 8.18 7.40 4.53 2.49 2.68 3.86 7.58 9.80 3.87 4.14 10.55 9.83 10.33 12.72 13.56 14.47
0.00 0.00 0.00 0.00 0.00 0.00 0.00 0.00 0.00 0.00 0.00 0.00 0.00 0.00 0.00 0.00 0.00 0.00 0.00 0.00 0.00 0.01 0.01 0.03 0.06 0.10 0.15 0.20 0.26 0.32 0.39 0.47 0.56 0.66 0.77 0.88 0.50 0.39 0.76 1.44 1.61 1.78 1.96 2.16 2.36 2.57 2.80 3.02 3.26 3.51 3.77 4.03 4.31 4.59 4.88 5.18 5.49 5.47 2.55 2.69 6.27 7.18 7.53 7.90 8.28 8.25 7.48 4.60 1.46 1.65 4.54 7.70 11.54 7.71 5.79 12.21 12.80 13.29 13.77 14.57 15.22
0.00 0.00 0.00 0.00 0.00 0.00 0.00 0.00 0.00 0.00 0.00 0.00 0.00 0.00 0.00 0.00 0.00 0.00 0.00 0.00 0.00 0.00 0.00 0.00 0.03 0.09 0.14 0.19 0.24 0.30 0.38 0.45 0.54 0.63 0.74 0.85 0.80 0.92 1.07 1.40 1.57 1.74 1.92 2.11 2.31 2.52 2.75 2.97 3.21 3.45 3.71 3.97 4.24 4.52 4.81 5.11 5.42 5.74 5.79 5.35 6.19 7.10 7.45 7.82 8.19 8.58 8.48 4.85 1.40 5.18 9.11 9.54 11.44 11.87 12.18 12.63 13.11 13.57 14.05 14.53 15.13
0.00 0.00 0.00 0.00 0.00 0.00 0.00 0.00 0.00 0.00 0.00 0.00 0.00 0.00 0.00 0.00 0.00 0.00 0.00 0.00 0.00 0.00 0.01 0.01 0.03 0.08 0.13 0.17 0.23 0.29 0.36 0.43 0.52 0.61 0.71 0.82 0.95 1.07 1.22 1.36 1.53 1.69 1.88 2.06 2.27 2.47 2.69 2.92 3.15 3.40 3.65 3.91 4.18 4.46 4.75 3.69 3.82 5.66 6.00 6.33 6.67 7.02 7.37 7.74 8.11 8.49 8.88 7.78 4.35 6.56 10.50 10.92 10.48 10.93 12.21 12.66 13.12 13.59 14.06 14.55 15.03
0.00 0.00 0.00 0.00 0.00 0.00 0.00 0.00 0.00 0.00 0.00 0.00 0.00 0.00 0.00 0.00 0.00 0.00 0.00 0.00 0.00 0.00 0.01 0.02 0.04 0.08 0.12 0.16 0.22 0.27 0.34 0.41 0.50 0.59 0.69 0.80 0.92 1.04 1.18 1.33 1.49 1.65 1.83 2.02 2.22 2.42 2.64 2.87 3.10 3.34 3.59 3.85 4.12 4.40 4.69 3.63 1.73 3.35 5.87 6.26 6.60 6.94 7.29 7.66 8.03 8.41 8.79 9.18 8.67 9.07 10.40 9.61 9.16 10.84 12.11 12.57 13.03 13.49 13.96 14.44 14.93
0.00 0.00 0.00 0.00 0.00 0.00 0.00 0.00 0.00 0.00 0.00 0.00 0.00 0.00 0.00 0.00 0.00 0.00 0.00 0.00 0.00 0.00 0.01 0.02 0.04 0.07 0.11 0.15 0.20 0.26 0.33 0.40 0.48 0.57 0.67 0.77 0.89 1.01 1.15 1.29 1.45 1.61 1.79 1.97 2.17 2.36 2.54 2.74 2.95 3.19 3.47 3.01 2.75 3.92 4.63 3.56 2.77 4.60 5.86 6.19 6.52 6.87 7.22 7.58 7.94 8.32 8.70 9.10 9.49 9.90 10.31 10.26 9.76 10.74 12.02 12.47 12.93 13.39 13.86 14.34 11.69
0.00 0.00 0.00 0.00 0.00 0.00 0.00 0.00 0.00 0.00 0.00 0.00 0.00 0.00 0.00 0.00 0.00 0.00 0.00 0.00 0.00 0.00 0.01 0.02 0.04 0.07 0.10 0.14 0.19 0.25 0.31 0.38 0.46 0.55 0.65 0.75 0.87 0.98 1.12 1.26 1.42 1.58 1.75 1.93 2.13 2.31 2.46 2.63 2.81 3.05 3.41 2.95 1.59 2.20 4.11 4.64 4.94 5.47 5.79 6.12 6.45 6.79 7.14 7.50 7.86 8.24 8.62 9.01 9.40 9.80 10.21 10.63 10.93 11.36 11.93 12.37 12.83 13.29 13.75 14.23 11.59
0.00 0.00 0.00 0.00 0.00 0.00 0.00 0.00 0.00 0.00 0.00 0.00 0.00 0.00 0.00 0.00 0.00 0.00 0.00 0.00 0.00 0.00 0.01 0.02 0.04 0.07 0.10 0.14 0.18 0.23 0.16 0.19 0.27 0.29 0.38 0.70 0.40 0.52 1.09 1.23 1.39 1.54 1.72 1.89 2.08 1.92 1.24 1.34 1.41 1.67 2.55 2.77 2.24 3.47 4.50 4.79 5.09 5.40 5.72 6.04 6.37 6.71 7.06 7.42 7.78 8.15 8.45 8.92 9.31 9.71 10.12 10.54 10.96 11.39 11.83 12.27 12.73 13.19 13.66 14.14 11.49
0.00 0.00 0.00 0.00 0.00 0.00 0.00 0.00 0.00 0.00 0.00 0.00 0.00 0.00 0.00 0.00 0.00 0.00 0.00 0.00 0.00 0.00 0.01 0.02 0.04 0.06 0.09 0.13 0.18 0.23 0.15 0.03 0.00 0.00 0.31 0.68 0.39 0.03 0.62 1.20 1.35 1.51 1.68 1.85 2.04 1.88 0.75 0.01 0.01 0.69 2.36 3.42 3.82 4.16 4.44 4.72 5.02 5.33 5.64 5.97 6.30 6.64 6.98 7.34 7.69 7.98 8.26 8.75 9.22 9.62 10.02 10.44 10.86 11.29 11.73 12.18 12.63 13.09 13.56 14.04 14.53
0.00 0.00 0.00 0.00 0.00 0.00 0.00 0.00 0.00 0.00 0.00 0.00 0.00 0.00 0.00 0.00 0.00 0.00 0.00 0.00 0.00 0.00 0.00 0.02 0.03 0.06 0.09 0.12 0.17 0.22 0.14 0.17 0.24 0.26 0.57 0.68 0.79 0.48 0.61 1.17 1.32 1.47 1.64 1.81 2.00 1.83 1.19 1.33 1.43 1.66 2.44 3.44 3.76 4.10 4.37 4.66 4.95 5.26 5.57 5.89 6.22 6.56 6.90 7.26 7.61 7.98 8.27 8.74 9.13 9.53 9.93 10.35 10.77 11.20 11.64 12.09 12.54 13.00 13.47 13.95 14.44
0.00 0.00 0.00 0.00 0.00 0.00 0.00 0.00 0.00 0.00 0.00 0.00 0.00 0.00 0.00 0.00 0.00 0.00 0.00 0.00 0.00 0.00 0.00 0.02 0.03 0.05 0.08 0.12 0.16 0.21 0.26 0.32 0.40 0.47 0.56 0.66 0.77 0.88 1.01 1.14 1.29 1.44 1.60 1.77 1.96 2.15 2.35 2.57 2.79 3.02 3.26 3.30 3.56 3.83 4.10 4.59 4.88 5.19 5.49 5.82 6.14 6.48 6.82 7.18 7.53 7.90 8.27 8.66 9.04 9.44 9.84 10.26 10.68 11.12 11.55 12.00 12.45 12.92 13.39 13.87 14.35
0.00 0.00 0.00 0.00 0.00 0.00 0.00 0.00 0.00 0.00 0.00 0.00 0.00 0.00 0.00 0.00 0.00 0.00 0.00 0.00 0.00 0.00 0.00 0.01 0.03 0.05 0.08 0.11 0.15 0.20 0.25 0.31 0.38 0.46 0.54 0.64 0.74 0.85 0.98 1.11 1.25 1.40 1.57 1.74 1.92 2.11 2.31 2.52 2.74 2.96 3.20 2.61 1.71 1.98 3.58 4.53 4.82 5.12 5.42 5.74 6.07 6.41 6.75 7.10 7.46 7.83 8.19 8.58 8.96 9.36 9.77 10.18 10.61 11.04 11.47 11.92 12.37 12.83 13.30 13.78 14.26
0.00 0.00 0.00 0.00 0.00 0.00 0.00 0.00 0.00 0.00 0.00 0.00 0.00 0.00 0.00 0.00 0.00 0.00 0.00 0.00 0.00 0.00 0.00 0.01 0.02 0.04 0.07 0.10 0.14 0.18 0.24 0.30 0.37 0.44 0.53 0.62 0.72 0.83 0.95 1.08 1.22 1.37 1.53 1.70 1.88 2.06 2.26 2.47 2.69 2.91 3.15 2.95 1.45 1.89 3.91 4.46 4.75 5.05 5.36 5.68 6.00 6.33 6.67 7.03 7.38 7.75 8.12 8.50 8.89 9.29 9.69 10.11 10.53 10.96 11.40 11.84 12.29 12.75 13.21 13.69 14.17
0.00 0.00 0.00 0.00 0.00 0.00 0.00 0.00 0.00 0.00 0.00 0.00 0.00 0.00 0.00 0.00 0.00 0.00 0.00 0.00 0.00 0.00 0.00 0.00 0.02 0.04 0.06 0.09 0.13 0.17 0.22 0.28 0.35 0.42 0.51 0.59 0.70 0.80 0.93 1.05 1.19 1.34 1.49 1.66 1.84 2.02 1.65 1.54 2.64 2.86 3.09 3.34 3.18 3.62 4.12 4.40 4.69 4.99 5.29 5.61 5.93 6.27 6.60 6.95 7.31 7.68 8.05 8.43 8.82 9.22 9.62 10.04 10.45 10.88 11.32 11.76 12.21 12.66 13.12 13.59 14.07
0.00 0.00 0.00 0.00 0.00 0.00 0.00 0.00 0.00 0.00 0.00 0.00 0.00 0.00 0.00 0.00 0.00 0.00 0.00 0.00 0.00 0.00 0.00 0.00 0.01 0.03 0.05 0.08 0.12 0.16 0.21 0.25 0.29 0.38 0.49 0.57 0.67 0.78 0.90 1.02 1.16 1.30 1.46 1.62 1.80 1.98 1.26 1.15 2.34 2.81 3.04 3.28 3.53 3.79 4.06 4.34 4.63 4.92 5.23 5.55 5.87 6.20 6.53 6.88 7.23 7.60 7.97 8.36 8.74 9.14 9.54 9.96 10.37 10.80 11.23 11.67 12.12 12.57 13.03 13.49 13.96
0.00 0.00 0.00 0.00 0.00 0.00 0.00 0.00 0.00 0.00 0.00 0.00 0.00 0.00 0.00 0.00 0.00 0.00 0.00 0.00 0.00 0.00 0.00 0.00 0.00 0.00 0.04 0.08 0.11 0.15 0.18 0.10 0.17 0.37 0.47 0.55 0.65 0.75 0.87 0.99 1.13 1.27 1.42 1.58 1.76 1.94 2.13 2.10 2.54 2.76 2.99 3.23 3.48 3.74 4.01 4.28 4.57 4.86 5.17 5.48 5.80 6.13 6.46 6.81 7.16 7.53 7.90 8.28 8.67 9.06 9.46 9.87 10.29 10.72 11.15 11.58 12.03 12.47 12.93 13.39 13.86
0.00 0.00 0.00 0.00 0.00 0.00 0.00 0.00 0.00 0.00 0.00 0.00 0.00 0.00 0.00 0.00 0.00 0.00 0.00 0.00 0.00 0.00 0.00 0.00 0.00 0.00 0.02 0.06 0.10 0.14 0.15 0.07 0.21 0.37 0.45 0.53 0.63 0.73 0.85 0.96 1.10 1.24 1.39 1.55 1.72 1.90 2.09 2.28 2.49 2.71 2.94 3.18 3.43 3.68 3.95 4.23 4.51 4.80 5.10 5.41 5.73 6.06 6.39 6.73 7.08 7.45 7.82 8.20 8.59 8.98 9.38 9.79 10.20 10.63 11.05 11.49 11.93 12.38 12.83 13.29 13.75
0.00 0.00 0.00 0.00 0.00 0.00 0.00 0.00 0.00 0.00 0.00 0.00 0.00 0.00 0.00 0.00 0.00 0.00 0.00 0.00 0.00 0.00 0.00 0.00 0.00 0.01 0.03 0.05 0.09 0.13 0.17 0.19 0.29 0.35 0.43 0.51 0.61 0.71 0.82 0.94 1.07 1.21 1.36 1.51 1.68 1.86 2.05 2.24 2.45 2.67 2.89 3.13 3.37 3.63 3.89 4.17 4.45 4.74 5.04 5.34 5.66 5.99 6.31 6.66 7.01 7.37 7.74 8.12 8.50 8.90 9.29 9.70 10.11 10.54 10.96 11.39 11.83 12.27 12.73 13.18 13.65
0.00 0.00 0.00 0.00 0.00 0.00 0.00 0.00 0.00 0.00 0.00 0.00 0.00 0.00 0.00 0.00 0.00 0.00 0.00 0.00 0.00 0.00 0.00 0.00 0.01 0.02 0.03 0.05 0.05 0.09 0.13 0.20 0.27 0.33 0.41 0.49 0.58 0.68 0.80 0.91 1.04 1.17 1.33 1.48 1.64 1.82 2.01 2.20 2.41 2.62 2.84 3.08 3.32 3.58 3.84 4.11 4.39 4.67 4.97 5.28 5.59 5.91 6.24 6.58 6.93 7.29 7.66 8.03 8.42 8.81 9.21 9.61 10.02 10.44 9.76 9.43 9.87 10.29 9.87 10.31 12.50
0.00 0.00 0.00 0.00 0.00 0.00 0.00 0.00 0.00 0.00 0.00 0.00 0.00 0.00 0.00 0.00 0.00 0.00 0.00 0.00 0.00 0.00 0.00 0.00 0.00 0.01 0.03 0.05 0.04 0.01 0.08 0.19 0.26 0.32 0.39 0.47 0.56 0.66 0.77 0.88 1.01 1.14 1.29 1.44 1.61 1.78 1.97 2.16 2.36 2.57 2.79 3.02 3.27 3.52 3.78 4.05 4.32 4.61 4.90 5.21 5.52 5.84 6.17 6.51 6.85 7.21 7.57 7.95 8.33 8.72 9.12 9.52 9.93 10.35 9.66 6.69 6.25 5.09 4.65 4.84 7.02
0.00 0.00 0.00 0.00 0.00 0.00 0.00 0.00 0.00 0.00 0.00 0.00 0.00 0.00 0.00 0.00 0.00 0.00 0.00 0.00 0.00 0.00 0.00 0.00 0.00 0.01 0.02 0.04 0.07 0.04 0.07 0.17 0.24 0.30 0.37 0.45 0.54 0.63 0.74 0.85 0.98 0.76 0.81 0.96 1.13 1.74 1.92 2.11 2.31 2.52 2.74 2.97 3.21 3.46 3.71 3.98 4.26 4.54 4.84 5.14 5.45 5.77 6.09 6.43 6.77 7.13 7.49 7.87 8.24 8.63 9.03 9.43 9.84 10.25 9.57 6.77 7.20 6.45 6.03 6.27 8.46
